22
-6.000000 -1.000000 0.000000   grass
-6.000000 0.000000 0.000000   grass
-6.000000 1.000000 0.000000   grass
-6.000000 2.000000 0.000000   grass
-6.000000 3.000000 0.000000   grass
-5.000000 -1.000000 0.000000   grass
-5.000000 3.000000 0.000000   grass
-4.000000 -1.000000 0.000000   grass
-4.000000 3.000000 0.000000   grass
-3.000000 -1.000000 0.000000   grass
-3.000000 -1.000000 1.000000   grass
-3.000000 1.000000 0.000000   stone
-3.000000 3.000000 0.000000   grass
-2.000000 -1.000000 0.000000   grass
-2.000000 3.000000 0.000000   grass
-1.000000 -1.000000 0.000000   grass
-1.000000 3.000000 0.000000   grass
0.000000 -1.000000 0.000000   grass
0.000000 0.000000 0.000000   grass
0.000000 1.000000 0.000000   grass
0.000000 2.000000 0.000000   grass
0.000000 3.000000 0.000000   grass
