15
-1.000000 0.000000 0.000000   stone
-1.000000 1.000000 0.000000   stone
-1.000000 2.000000 0.000000   stone
0.000000 0.000000 0.000000   grass
0.000000 0.000000 2.000000   grass
0.000000 1.000000 0.000000   stone
0.000000 1.000000 1.000000   stone
0.000000 2.000000 0.000000   grass
0.000000 2.000000 2.000000   grass
1.000000 1.000000 0.000000   stone
1.000000 2.000000 0.000000   stone
2.000000 0.000000 0.000000   grass
2.000000 0.000000 2.000000   grass
2.000000 2.000000 0.000000   grass
2.000000 2.000000 2.000000   grass
