70
-31.000000 -8.000000 6.000000   grass
-30.000000 -8.000000 6.000000   grass
-29.000000 -8.000000 5.000000   grass
-29.000000 -8.000000 6.000000   grass
-28.000000 -8.000000 5.000000   grass
-27.000000 -8.000000 5.000000   grass
-26.000000 -8.000000 5.000000   grass
-25.000000 -8.000000 4.000000   grass
-25.000000 -8.000000 5.000000   grass
-24.000000 -8.000000 4.000000   grass
-23.000000 -8.000000 4.000000   grass
-22.000000 -8.000000 4.000000   grass
-21.000000 -8.000000 4.000000   grass
-20.000000 -8.000000 3.000000   grass
-20.000000 -8.000000 4.000000   grass
-19.000000 -8.000000 3.000000   grass
-18.000000 -8.000000 3.000000   grass
-17.000000 -8.000000 3.000000   grass
-16.000000 -8.000000 3.000000   grass
-15.000000 -8.000000 3.000000   grass
-14.000000 -8.000000 3.000000   grass
-13.000000 -8.000000 3.000000   grass
-12.000000 -8.000000 3.000000   grass
-11.000000 -8.000000 3.000000   grass
-10.000000 -8.000000 3.000000   grass
-9.000000 -8.000000 3.000000   grass
-8.000000 -8.000000 3.000000   grass
-7.000000 -8.000000 3.000000   grass
-6.000000 -8.000000 3.000000   grass
-5.000000 -8.000000 3.000000   grass
-4.000000 -8.000000 3.000000   grass
-4.000000 0.000000 2.000000   grass
-4.000000 0.000000 3.000000   grass
-3.000000 -9.000000 3.000000   grass
-3.000000 -8.000000 3.000000   grass
-3.000000 0.000000 2.000000   grass
-2.000000 -11.000000 2.000000   grass
-2.000000 -8.000000 2.000000   grass
-2.000000 -8.000000 3.000000   grass
-2.000000 0.000000 2.000000   grass
-2.000000 1.000000 0.000000   grass
-1.000000 -11.000000 2.000000   grass
-1.000000 -10.000000 2.000000   grass
-1.000000 -9.000000 2.000000   grass
-1.000000 -8.000000 2.000000   grass
-1.000000 -7.000000 2.000000   grass
-1.000000 -6.000000 2.000000   grass
-1.000000 -5.000000 2.000000   grass
-1.000000 -4.000000 2.000000   grass
-1.000000 -3.000000 2.000000   grass
-1.000000 -2.000000 2.000000   grass
-1.000000 -1.000000 2.000000   grass
-1.000000 0.000000 2.000000   grass
-1.000000 1.000000 0.000000   grass
-1.000000 1.000000 2.000000   grass
0.000000 0.000000 0.000000   grass
0.000000 0.000000 2.000000   grass
0.000000 1.000000 0.000000   grass
0.000000 1.000000 1.000000   grass
0.000000 1.000000 2.000000   grass
0.000000 2.000000 0.000000   grass
0.000000 2.000000 2.000000   grass
1.000000 1.000000 0.000000   grass
1.000000 1.000000 1.000000   grass
2.000000 0.000000 0.000000   grass
2.000000 0.000000 2.000000   grass
2.000000 1.000000 0.000000   grass
2.000000 1.000000 1.000000   grass
2.000000 2.000000 0.000000   grass
2.000000 2.000000 2.000000   grass
