120
-3.000000 0.000000 0.000000   grass
-2.000000 0.000000 0.000000   grass
-1.000000 0.000000 0.000000   grass
0.000000 0.000000 0.000000   grass
0.000000 0.000000 2.000000   grass
0.000000 2.000000 0.000000   grass
0.000000 2.000000 2.000000   grass
2.000000 0.000000 0.000000   grass
2.000000 0.000000 2.000000   grass
2.000000 2.000000 0.000000   grass
2.000000 2.000000 2.000000   grass
3.000000 1.000000 0.000000   mirror
3.000000 1.000000 1.000000   mirror
3.000000 1.000000 2.000000   mirror
3.000000 1.000000 3.000000   mirror
3.000000 2.000000 0.000000   mirror
3.000000 2.000000 1.000000   mirror
3.000000 2.000000 2.000000   mirror
3.000000 2.000000 3.000000   mirror
3.000000 3.000000 0.000000   mirror
3.000000 3.000000 1.000000   mirror
3.000000 3.000000 2.000000   mirror
3.000000 3.000000 3.000000   mirror
3.000000 4.000000 0.000000   mirror
3.000000 4.000000 1.000000   mirror
3.000000 4.000000 2.000000   mirror
3.000000 4.000000 3.000000   mirror
4.000000 1.000000 1.000000   mirror
4.000000 1.000000 2.000000   mirror
4.000000 2.000000 0.000000   mirror
4.000000 2.000000 3.000000   mirror
4.000000 3.000000 0.000000   mirror
4.000000 3.000000 1.000000   grass
4.000000 3.000000 3.000000   mirror
4.000000 4.000000 1.000000   mirror
4.000000 4.000000 2.000000   mirror
5.000000 1.000000 1.000000   mirror
5.000000 1.000000 2.000000   mirror
5.000000 2.000000 0.000000   mirror
5.000000 2.000000 3.000000   mirror
5.000000 3.000000 0.000000   mirror
5.000000 3.000000 3.000000   mirror
5.000000 4.000000 1.000000   mirror
5.000000 4.000000 2.000000   mirror
6.000000 1.000000 1.000000   mirror
6.000000 1.000000 2.000000   mirror
6.000000 2.000000 0.000000   mirror
6.000000 2.000000 3.000000   mirror
6.000000 3.000000 0.000000   mirror
6.000000 3.000000 3.000000   mirror
6.000000 4.000000 1.000000   mirror
6.000000 4.000000 2.000000   mirror
7.000000 1.000000 1.000000   mirror
7.000000 1.000000 2.000000   mirror
7.000000 2.000000 0.000000   mirror
7.000000 2.000000 3.000000   mirror
7.000000 3.000000 0.000000   mirror
7.000000 3.000000 3.000000   mirror
7.000000 4.000000 1.000000   mirror
7.000000 4.000000 2.000000   mirror
8.000000 1.000000 1.000000   mirror
8.000000 1.000000 2.000000   mirror
8.000000 2.000000 0.000000   mirror
8.000000 2.000000 3.000000   mirror
8.000000 3.000000 0.000000   mirror
8.000000 3.000000 3.000000   mirror
8.000000 4.000000 1.000000   mirror
8.000000 4.000000 2.000000   mirror
9.000000 1.000000 1.000000   mirror
9.000000 1.000000 2.000000   mirror
9.000000 2.000000 0.000000   mirror
9.000000 2.000000 3.000000   mirror
9.000000 3.000000 0.000000   mirror
9.000000 3.000000 3.000000   mirror
9.000000 4.000000 1.000000   mirror
9.000000 4.000000 2.000000   mirror
10.000000 1.000000 1.000000   mirror
10.000000 1.000000 2.000000   mirror
10.000000 2.000000 0.000000   mirror
10.000000 2.000000 3.000000   mirror
10.000000 3.000000 0.000000   mirror
10.000000 3.000000 3.000000   mirror
10.000000 4.000000 1.000000   mirror
10.000000 4.000000 2.000000   mirror
11.000000 1.000000 1.000000   mirror
11.000000 1.000000 2.000000   mirror
11.000000 2.000000 0.000000   mirror
11.000000 2.000000 3.000000   mirror
11.000000 3.000000 0.000000   mirror
11.000000 3.000000 3.000000   mirror
11.000000 4.000000 1.000000   mirror
11.000000 4.000000 2.000000   mirror
12.000000 1.000000 1.000000   mirror
12.000000 1.000000 2.000000   mirror
12.000000 2.000000 0.000000   mirror
12.000000 2.000000 3.000000   mirror
12.000000 3.000000 0.000000   mirror
12.000000 3.000000 3.000000   mirror
12.000000 4.000000 1.000000   mirror
12.000000 4.000000 2.000000   mirror
13.000000 1.000000 1.000000   mirror
13.000000 1.000000 2.000000   mirror
13.000000 2.000000 0.000000   mirror
13.000000 2.000000 3.000000   mirror
13.000000 3.000000 0.000000   mirror
13.000000 3.000000 3.000000   mirror
13.000000 4.000000 1.000000   mirror
13.000000 4.000000 2.000000   mirror
14.000000 1.000000 0.000000   mirror
14.000000 1.000000 1.000000   mirror
14.000000 1.000000 2.000000   mirror
14.000000 1.000000 3.000000   mirror
14.000000 2.000000 0.000000   mirror
14.000000 2.000000 3.000000   mirror
14.000000 3.000000 0.000000   mirror
14.000000 3.000000 3.000000   mirror
14.000000 4.000000 0.000000   mirror
14.000000 4.000000 1.000000   mirror
14.000000 4.000000 2.000000   mirror
14.000000 4.000000 3.000000   mirror
