1236
-7.000000 -7.000000 -7.000000   grass
-7.000000 -7.000000 -6.000000   grass
-7.000000 -7.000000 -5.000000   grass
-7.000000 -7.000000 -4.000000   grass
-7.000000 -7.000000 -3.000000   grass
-7.000000 -7.000000 -2.000000   grass
-7.000000 -7.000000 -1.000000   grass
-7.000000 -7.000000 0.000000   grass
-7.000000 -7.000000 1.000000   grass
-7.000000 -7.000000 2.000000   grass
-7.000000 -7.000000 3.000000   grass
-7.000000 -7.000000 4.000000   grass
-7.000000 -7.000000 5.000000   grass
-7.000000 -7.000000 6.000000   grass
-7.000000 -7.000000 7.000000   grass
-7.000000 -6.000000 -7.000000   grass
-7.000000 -6.000000 -6.000000   grass
-7.000000 -6.000000 -5.000000   grass
-7.000000 -6.000000 -4.000000   grass
-7.000000 -6.000000 -3.000000   grass
-7.000000 -6.000000 -2.000000   grass
-7.000000 -6.000000 -1.000000   grass
-7.000000 -6.000000 0.000000   grass
-7.000000 -6.000000 1.000000   grass
-7.000000 -6.000000 2.000000   grass
-7.000000 -6.000000 3.000000   grass
-7.000000 -6.000000 4.000000   grass
-7.000000 -6.000000 5.000000   grass
-7.000000 -6.000000 6.000000   grass
-7.000000 -6.000000 7.000000   grass
-7.000000 -5.000000 -7.000000   grass
-7.000000 -5.000000 -6.000000   grass
-7.000000 -5.000000 -5.000000   grass
-7.000000 -5.000000 -4.000000   grass
-7.000000 -5.000000 -3.000000   grass
-7.000000 -5.000000 -2.000000   grass
-7.000000 -5.000000 -1.000000   grass
-7.000000 -5.000000 0.000000   grass
-7.000000 -5.000000 1.000000   grass
-7.000000 -5.000000 2.000000   grass
-7.000000 -5.000000 3.000000   grass
-7.000000 -5.000000 4.000000   grass
-7.000000 -5.000000 5.000000   grass
-7.000000 -5.000000 6.000000   grass
-7.000000 -5.000000 7.000000   grass
-7.000000 -4.000000 -7.000000   grass
-7.000000 -4.000000 -6.000000   grass
-7.000000 -4.000000 -5.000000   grass
-7.000000 -4.000000 -4.000000   grass
-7.000000 -4.000000 -3.000000   grass
-7.000000 -4.000000 -2.000000   grass
-7.000000 -4.000000 -1.000000   grass
-7.000000 -4.000000 0.000000   grass
-7.000000 -4.000000 1.000000   grass
-7.000000 -4.000000 2.000000   grass
-7.000000 -4.000000 3.000000   grass
-7.000000 -4.000000 4.000000   grass
-7.000000 -4.000000 5.000000   grass
-7.000000 -4.000000 6.000000   grass
-7.000000 -4.000000 7.000000   grass
-7.000000 -3.000000 -7.000000   grass
-7.000000 -3.000000 -6.000000   grass
-7.000000 -3.000000 -5.000000   grass
-7.000000 -3.000000 -4.000000   grass
-7.000000 -3.000000 -3.000000   grass
-7.000000 -3.000000 -2.000000   grass
-7.000000 -3.000000 -1.000000   grass
-7.000000 -3.000000 0.000000   grass
-7.000000 -3.000000 1.000000   grass
-7.000000 -3.000000 2.000000   grass
-7.000000 -3.000000 3.000000   grass
-7.000000 -3.000000 4.000000   grass
-7.000000 -3.000000 5.000000   grass
-7.000000 -3.000000 6.000000   grass
-7.000000 -3.000000 7.000000   grass
-7.000000 -2.000000 -7.000000   grass
-7.000000 -2.000000 -6.000000   grass
-7.000000 -2.000000 -5.000000   grass
-7.000000 -2.000000 -4.000000   grass
-7.000000 -2.000000 -3.000000   grass
-7.000000 -2.000000 -2.000000   grass
-7.000000 -2.000000 -1.000000   grass
-7.000000 -2.000000 0.000000   grass
-7.000000 -2.000000 1.000000   grass
-7.000000 -2.000000 2.000000   grass
-7.000000 -2.000000 3.000000   grass
-7.000000 -2.000000 4.000000   grass
-7.000000 -2.000000 5.000000   grass
-7.000000 -2.000000 6.000000   grass
-7.000000 -2.000000 7.000000   grass
-7.000000 -1.000000 -7.000000   grass
-7.000000 -1.000000 -6.000000   grass
-7.000000 -1.000000 -5.000000   grass
-7.000000 -1.000000 -4.000000   grass
-7.000000 -1.000000 -3.000000   grass
-7.000000 -1.000000 -2.000000   grass
-7.000000 -1.000000 -1.000000   grass
-7.000000 -1.000000 0.000000   grass
-7.000000 -1.000000 1.000000   grass
-7.000000 -1.000000 2.000000   grass
-7.000000 -1.000000 3.000000   grass
-7.000000 -1.000000 4.000000   grass
-7.000000 -1.000000 5.000000   grass
-7.000000 -1.000000 6.000000   grass
-7.000000 -1.000000 7.000000   grass
-7.000000 0.000000 -7.000000   grass
-7.000000 0.000000 -6.000000   grass
-7.000000 0.000000 -5.000000   grass
-7.000000 0.000000 -4.000000   grass
-7.000000 0.000000 -3.000000   grass
-7.000000 0.000000 -2.000000   grass
-7.000000 0.000000 -1.000000   grass
-7.000000 0.000000 0.000000   grass
-7.000000 0.000000 1.000000   grass
-7.000000 0.000000 2.000000   grass
-7.000000 0.000000 3.000000   grass
-7.000000 0.000000 4.000000   grass
-7.000000 0.000000 5.000000   grass
-7.000000 0.000000 6.000000   grass
-7.000000 0.000000 7.000000   grass
-7.000000 1.000000 -7.000000   grass
-7.000000 1.000000 -6.000000   grass
-7.000000 1.000000 -5.000000   grass
-7.000000 1.000000 -4.000000   grass
-7.000000 1.000000 -3.000000   grass
-7.000000 1.000000 -2.000000   grass
-7.000000 1.000000 -1.000000   grass
-7.000000 1.000000 0.000000   grass
-7.000000 1.000000 1.000000   grass
-7.000000 1.000000 2.000000   grass
-7.000000 1.000000 3.000000   grass
-7.000000 1.000000 4.000000   grass
-7.000000 1.000000 5.000000   grass
-7.000000 1.000000 6.000000   grass
-7.000000 1.000000 7.000000   grass
-7.000000 2.000000 -7.000000   grass
-7.000000 2.000000 -6.000000   grass
-7.000000 2.000000 -5.000000   grass
-7.000000 2.000000 -4.000000   grass
-7.000000 2.000000 -3.000000   grass
-7.000000 2.000000 -2.000000   grass
-7.000000 2.000000 -1.000000   grass
-7.000000 2.000000 0.000000   grass
-7.000000 2.000000 1.000000   grass
-7.000000 2.000000 2.000000   grass
-7.000000 2.000000 3.000000   grass
-7.000000 2.000000 4.000000   grass
-7.000000 2.000000 5.000000   grass
-7.000000 2.000000 6.000000   grass
-7.000000 2.000000 7.000000   grass
-7.000000 3.000000 -7.000000   grass
-7.000000 3.000000 -6.000000   grass
-7.000000 3.000000 -5.000000   grass
-7.000000 3.000000 -4.000000   grass
-7.000000 3.000000 -3.000000   grass
-7.000000 3.000000 -2.000000   grass
-7.000000 3.000000 -1.000000   grass
-7.000000 3.000000 0.000000   grass
-7.000000 3.000000 1.000000   grass
-7.000000 3.000000 2.000000   grass
-7.000000 3.000000 3.000000   grass
-7.000000 3.000000 4.000000   grass
-7.000000 3.000000 5.000000   grass
-7.000000 3.000000 6.000000   grass
-7.000000 3.000000 7.000000   grass
-7.000000 4.000000 -7.000000   grass
-7.000000 4.000000 -6.000000   grass
-7.000000 4.000000 -5.000000   grass
-7.000000 4.000000 -4.000000   grass
-7.000000 4.000000 -3.000000   grass
-7.000000 4.000000 -2.000000   grass
-7.000000 4.000000 -1.000000   grass
-7.000000 4.000000 0.000000   grass
-7.000000 4.000000 1.000000   grass
-7.000000 4.000000 2.000000   grass
-7.000000 4.000000 3.000000   grass
-7.000000 4.000000 4.000000   grass
-7.000000 4.000000 5.000000   grass
-7.000000 4.000000 6.000000   grass
-7.000000 4.000000 7.000000   grass
-7.000000 5.000000 -7.000000   grass
-7.000000 5.000000 -6.000000   grass
-7.000000 5.000000 -5.000000   grass
-7.000000 5.000000 -4.000000   grass
-7.000000 5.000000 -3.000000   grass
-7.000000 5.000000 -2.000000   grass
-7.000000 5.000000 -1.000000   grass
-7.000000 5.000000 0.000000   grass
-7.000000 5.000000 1.000000   grass
-7.000000 5.000000 2.000000   grass
-7.000000 5.000000 3.000000   grass
-7.000000 5.000000 4.000000   grass
-7.000000 5.000000 5.000000   grass
-7.000000 5.000000 6.000000   grass
-7.000000 5.000000 7.000000   grass
-7.000000 6.000000 -7.000000   grass
-7.000000 6.000000 -6.000000   grass
-7.000000 6.000000 -5.000000   grass
-7.000000 6.000000 -4.000000   grass
-7.000000 6.000000 -3.000000   grass
-7.000000 6.000000 -2.000000   grass
-7.000000 6.000000 -1.000000   grass
-7.000000 6.000000 0.000000   grass
-7.000000 6.000000 1.000000   grass
-7.000000 6.000000 2.000000   grass
-7.000000 6.000000 3.000000   grass
-7.000000 6.000000 4.000000   grass
-7.000000 6.000000 5.000000   grass
-7.000000 6.000000 6.000000   grass
-7.000000 6.000000 7.000000   grass
-7.000000 7.000000 -7.000000   grass
-7.000000 7.000000 -6.000000   grass
-7.000000 7.000000 -5.000000   grass
-7.000000 7.000000 -4.000000   grass
-7.000000 7.000000 -3.000000   grass
-7.000000 7.000000 -2.000000   grass
-7.000000 7.000000 -1.000000   grass
-7.000000 7.000000 0.000000   grass
-7.000000 7.000000 1.000000   grass
-7.000000 7.000000 2.000000   grass
-7.000000 7.000000 3.000000   grass
-7.000000 7.000000 4.000000   grass
-7.000000 7.000000 5.000000   grass
-7.000000 7.000000 6.000000   grass
-7.000000 7.000000 7.000000   grass
-6.000000 -7.000000 -7.000000   grass
-6.000000 -7.000000 -6.000000   grass
-6.000000 -7.000000 -5.000000   grass
-6.000000 -7.000000 -4.000000   grass
-6.000000 -7.000000 -3.000000   grass
-6.000000 -7.000000 -2.000000   grass
-6.000000 -7.000000 -1.000000   grass
-6.000000 -7.000000 0.000000   grass
-6.000000 -7.000000 1.000000   grass
-6.000000 -7.000000 2.000000   grass
-6.000000 -7.000000 3.000000   grass
-6.000000 -7.000000 4.000000   grass
-6.000000 -7.000000 5.000000   grass
-6.000000 -7.000000 6.000000   grass
-6.000000 -7.000000 7.000000   grass
-6.000000 -6.000000 -7.000000   grass
-6.000000 -6.000000 7.000000   grass
-6.000000 -5.000000 -7.000000   grass
-6.000000 -5.000000 7.000000   grass
-6.000000 -4.000000 -7.000000   grass
-6.000000 -4.000000 7.000000   grass
-6.000000 -3.000000 -7.000000   grass
-6.000000 -3.000000 7.000000   grass
-6.000000 -2.000000 -7.000000   grass
-6.000000 -2.000000 -2.000000   stone
-6.000000 -2.000000 -1.000000   stone
-6.000000 -2.000000 0.000000   stone
-6.000000 -2.000000 1.000000   stone
-6.000000 -2.000000 2.000000   stone
-6.000000 -2.000000 7.000000   grass
-6.000000 -1.000000 -7.000000   grass
-6.000000 -1.000000 -2.000000   stone
-6.000000 -1.000000 -1.000000   stone
-6.000000 -1.000000 0.000000   stone
-6.000000 -1.000000 1.000000   stone
-6.000000 -1.000000 2.000000   stone
-6.000000 -1.000000 7.000000   grass
-6.000000 0.000000 -7.000000   grass
-6.000000 0.000000 -2.000000   stone
-6.000000 0.000000 -1.000000   stone
-6.000000 0.000000 0.000000   stone
-6.000000 0.000000 1.000000   stone
-6.000000 0.000000 2.000000   stone
-6.000000 0.000000 7.000000   grass
-6.000000 1.000000 -7.000000   grass
-6.000000 1.000000 -2.000000   stone
-6.000000 1.000000 -1.000000   stone
-6.000000 1.000000 0.000000   stone
-6.000000 1.000000 1.000000   stone
-6.000000 1.000000 2.000000   stone
-6.000000 1.000000 7.000000   grass
-6.000000 2.000000 -7.000000   grass
-6.000000 2.000000 -2.000000   stone
-6.000000 2.000000 -1.000000   stone
-6.000000 2.000000 0.000000   stone
-6.000000 2.000000 1.000000   stone
-6.000000 2.000000 2.000000   stone
-6.000000 2.000000 7.000000   grass
-6.000000 3.000000 -7.000000   grass
-6.000000 3.000000 7.000000   grass
-6.000000 4.000000 -7.000000   grass
-6.000000 4.000000 7.000000   grass
-6.000000 5.000000 -7.000000   grass
-6.000000 5.000000 7.000000   grass
-6.000000 6.000000 -7.000000   grass
-6.000000 6.000000 7.000000   grass
-6.000000 7.000000 -7.000000   grass
-6.000000 7.000000 -6.000000   grass
-6.000000 7.000000 -5.000000   grass
-6.000000 7.000000 -4.000000   grass
-6.000000 7.000000 -3.000000   grass
-6.000000 7.000000 -2.000000   grass
-6.000000 7.000000 -1.000000   grass
-6.000000 7.000000 0.000000   grass
-6.000000 7.000000 1.000000   grass
-6.000000 7.000000 2.000000   grass
-6.000000 7.000000 3.000000   grass
-6.000000 7.000000 4.000000   grass
-6.000000 7.000000 5.000000   grass
-6.000000 7.000000 6.000000   grass
-6.000000 7.000000 7.000000   grass
-5.000000 -7.000000 -7.000000   grass
-5.000000 -7.000000 -6.000000   grass
-5.000000 -7.000000 -5.000000   grass
-5.000000 -7.000000 -4.000000   grass
-5.000000 -7.000000 -3.000000   grass
-5.000000 -7.000000 -2.000000   grass
-5.000000 -7.000000 -1.000000   grass
-5.000000 -7.000000 0.000000   grass
-5.000000 -7.000000 1.000000   grass
-5.000000 -7.000000 2.000000   grass
-5.000000 -7.000000 3.000000   grass
-5.000000 -7.000000 4.000000   grass
-5.000000 -7.000000 5.000000   grass
-5.000000 -7.000000 6.000000   grass
-5.000000 -7.000000 7.000000   grass
-5.000000 -6.000000 -7.000000   grass
-5.000000 -6.000000 7.000000   grass
-5.000000 -5.000000 -7.000000   grass
-5.000000 -5.000000 7.000000   grass
-5.000000 -4.000000 -7.000000   grass
-5.000000 -4.000000 7.000000   grass
-5.000000 -3.000000 -7.000000   grass
-5.000000 -3.000000 7.000000   grass
-5.000000 -2.000000 -7.000000   grass
-5.000000 -2.000000 7.000000   grass
-5.000000 -1.000000 -7.000000   grass
-5.000000 -1.000000 7.000000   grass
-5.000000 0.000000 -7.000000   grass
-5.000000 0.000000 7.000000   grass
-5.000000 1.000000 -7.000000   grass
-5.000000 1.000000 7.000000   grass
-5.000000 2.000000 -7.000000   grass
-5.000000 2.000000 7.000000   grass
-5.000000 3.000000 -7.000000   grass
-5.000000 3.000000 7.000000   grass
-5.000000 4.000000 -7.000000   grass
-5.000000 4.000000 7.000000   grass
-5.000000 5.000000 -7.000000   grass
-5.000000 5.000000 7.000000   grass
-5.000000 6.000000 -7.000000   grass
-5.000000 6.000000 7.000000   grass
-5.000000 7.000000 -7.000000   grass
-5.000000 7.000000 -6.000000   grass
-5.000000 7.000000 -5.000000   grass
-5.000000 7.000000 -4.000000   grass
-5.000000 7.000000 -3.000000   grass
-5.000000 7.000000 -2.000000   grass
-5.000000 7.000000 -1.000000   grass
-5.000000 7.000000 0.000000   grass
-5.000000 7.000000 1.000000   grass
-5.000000 7.000000 2.000000   grass
-5.000000 7.000000 3.000000   grass
-5.000000 7.000000 4.000000   grass
-5.000000 7.000000 5.000000   grass
-5.000000 7.000000 6.000000   grass
-5.000000 7.000000 7.000000   grass
-4.000000 -7.000000 -7.000000   grass
-4.000000 -7.000000 -6.000000   grass
-4.000000 -7.000000 -5.000000   grass
-4.000000 -7.000000 -4.000000   grass
-4.000000 -7.000000 -3.000000   grass
-4.000000 -7.000000 -2.000000   grass
-4.000000 -7.000000 -1.000000   grass
-4.000000 -7.000000 0.000000   grass
-4.000000 -7.000000 1.000000   grass
-4.000000 -7.000000 2.000000   grass
-4.000000 -7.000000 3.000000   grass
-4.000000 -7.000000 4.000000   grass
-4.000000 -7.000000 5.000000   grass
-4.000000 -7.000000 6.000000   grass
-4.000000 -7.000000 7.000000   grass
-4.000000 -6.000000 -7.000000   grass
-4.000000 -6.000000 7.000000   grass
-4.000000 -5.000000 -7.000000   grass
-4.000000 -5.000000 7.000000   grass
-4.000000 -4.000000 -7.000000   grass
-4.000000 -4.000000 7.000000   grass
-4.000000 -3.000000 -7.000000   grass
-4.000000 -3.000000 7.000000   grass
-4.000000 -2.000000 -7.000000   grass
-4.000000 -2.000000 7.000000   grass
-4.000000 -1.000000 -7.000000   grass
-4.000000 -1.000000 7.000000   grass
-4.000000 0.000000 -7.000000   grass
-4.000000 0.000000 7.000000   grass
-4.000000 1.000000 -7.000000   grass
-4.000000 1.000000 7.000000   grass
-4.000000 2.000000 -7.000000   grass
-4.000000 2.000000 7.000000   grass
-4.000000 3.000000 -7.000000   grass
-4.000000 3.000000 7.000000   grass
-4.000000 4.000000 -7.000000   grass
-4.000000 4.000000 7.000000   grass
-4.000000 5.000000 -7.000000   grass
-4.000000 5.000000 7.000000   grass
-4.000000 6.000000 -7.000000   grass
-4.000000 6.000000 7.000000   grass
-4.000000 7.000000 -7.000000   grass
-4.000000 7.000000 -6.000000   grass
-4.000000 7.000000 -5.000000   grass
-4.000000 7.000000 -4.000000   grass
-4.000000 7.000000 -3.000000   grass
-4.000000 7.000000 -2.000000   grass
-4.000000 7.000000 -1.000000   grass
-4.000000 7.000000 0.000000   grass
-4.000000 7.000000 1.000000   grass
-4.000000 7.000000 2.000000   grass
-4.000000 7.000000 3.000000   grass
-4.000000 7.000000 4.000000   grass
-4.000000 7.000000 5.000000   grass
-4.000000 7.000000 6.000000   grass
-4.000000 7.000000 7.000000   grass
-3.000000 -7.000000 -7.000000   grass
-3.000000 -7.000000 -6.000000   grass
-3.000000 -7.000000 -5.000000   grass
-3.000000 -7.000000 -4.000000   grass
-3.000000 -7.000000 -3.000000   grass
-3.000000 -7.000000 -2.000000   grass
-3.000000 -7.000000 -1.000000   grass
-3.000000 -7.000000 0.000000   grass
-3.000000 -7.000000 1.000000   grass
-3.000000 -7.000000 2.000000   grass
-3.000000 -7.000000 3.000000   grass
-3.000000 -7.000000 4.000000   grass
-3.000000 -7.000000 5.000000   grass
-3.000000 -7.000000 6.000000   grass
-3.000000 -7.000000 7.000000   grass
-3.000000 -6.000000 -7.000000   grass
-3.000000 -6.000000 7.000000   grass
-3.000000 -5.000000 -7.000000   grass
-3.000000 -5.000000 7.000000   grass
-3.000000 -4.000000 -7.000000   grass
-3.000000 -4.000000 7.000000   grass
-3.000000 -3.000000 -7.000000   grass
-3.000000 -3.000000 7.000000   grass
-3.000000 -2.000000 -7.000000   grass
-3.000000 -2.000000 7.000000   grass
-3.000000 -1.000000 -7.000000   grass
-3.000000 -1.000000 7.000000   grass
-3.000000 0.000000 -7.000000   grass
-3.000000 0.000000 7.000000   grass
-3.000000 1.000000 -7.000000   grass
-3.000000 1.000000 7.000000   grass
-3.000000 2.000000 -7.000000   grass
-3.000000 2.000000 7.000000   grass
-3.000000 3.000000 -7.000000   grass
-3.000000 3.000000 7.000000   grass
-3.000000 4.000000 -7.000000   grass
-3.000000 4.000000 7.000000   grass
-3.000000 5.000000 -7.000000   grass
-3.000000 5.000000 7.000000   grass
-3.000000 6.000000 -7.000000   grass
-3.000000 6.000000 7.000000   grass
-3.000000 7.000000 -7.000000   grass
-3.000000 7.000000 -6.000000   grass
-3.000000 7.000000 -5.000000   grass
-3.000000 7.000000 -4.000000   grass
-3.000000 7.000000 -3.000000   grass
-3.000000 7.000000 -2.000000   grass
-3.000000 7.000000 -1.000000   grass
-3.000000 7.000000 0.000000   grass
-3.000000 7.000000 1.000000   grass
-3.000000 7.000000 2.000000   grass
-3.000000 7.000000 3.000000   grass
-3.000000 7.000000 4.000000   grass
-3.000000 7.000000 5.000000   grass
-3.000000 7.000000 6.000000   grass
-3.000000 7.000000 7.000000   grass
-2.000000 -7.000000 -7.000000   grass
-2.000000 -7.000000 -6.000000   grass
-2.000000 -7.000000 -5.000000   grass
-2.000000 -7.000000 -4.000000   grass
-2.000000 -7.000000 -3.000000   grass
-2.000000 -7.000000 -2.000000   grass
-2.000000 -7.000000 -1.000000   grass
-2.000000 -7.000000 0.000000   grass
-2.000000 -7.000000 1.000000   grass
-2.000000 -7.000000 2.000000   grass
-2.000000 -7.000000 3.000000   grass
-2.000000 -7.000000 4.000000   grass
-2.000000 -7.000000 5.000000   grass
-2.000000 -7.000000 6.000000   grass
-2.000000 -7.000000 7.000000   grass
-2.000000 -6.000000 -7.000000   grass
-2.000000 -6.000000 7.000000   grass
-2.000000 -5.000000 -7.000000   grass
-2.000000 -5.000000 7.000000   grass
-2.000000 -4.000000 -7.000000   grass
-2.000000 -4.000000 7.000000   grass
-2.000000 -3.000000 -7.000000   grass
-2.000000 -3.000000 7.000000   grass
-2.000000 -2.000000 -7.000000   grass
-2.000000 -2.000000 7.000000   grass
-2.000000 -1.000000 -7.000000   grass
-2.000000 -1.000000 7.000000   grass
-2.000000 0.000000 -7.000000   grass
-2.000000 0.000000 7.000000   grass
-2.000000 1.000000 -7.000000   grass
-2.000000 1.000000 7.000000   grass
-2.000000 2.000000 -7.000000   grass
-2.000000 2.000000 7.000000   grass
-2.000000 3.000000 -7.000000   grass
-2.000000 3.000000 7.000000   grass
-2.000000 4.000000 -7.000000   grass
-2.000000 4.000000 7.000000   grass
-2.000000 5.000000 -7.000000   grass
-2.000000 5.000000 7.000000   grass
-2.000000 6.000000 -7.000000   grass
-2.000000 6.000000 7.000000   grass
-2.000000 7.000000 -7.000000   grass
-2.000000 7.000000 -6.000000   grass
-2.000000 7.000000 -5.000000   grass
-2.000000 7.000000 -4.000000   grass
-2.000000 7.000000 -3.000000   grass
-2.000000 7.000000 -2.000000   grass
-2.000000 7.000000 -1.000000   grass
-2.000000 7.000000 0.000000   grass
-2.000000 7.000000 1.000000   grass
-2.000000 7.000000 2.000000   grass
-2.000000 7.000000 3.000000   grass
-2.000000 7.000000 4.000000   grass
-2.000000 7.000000 5.000000   grass
-2.000000 7.000000 6.000000   grass
-2.000000 7.000000 7.000000   grass
-1.000000 -7.000000 -7.000000   grass
-1.000000 -7.000000 -6.000000   grass
-1.000000 -7.000000 -5.000000   grass
-1.000000 -7.000000 -4.000000   grass
-1.000000 -7.000000 -3.000000   grass
-1.000000 -7.000000 -2.000000   grass
-1.000000 -7.000000 -1.000000   grass
-1.000000 -7.000000 0.000000   grass
-1.000000 -7.000000 1.000000   grass
-1.000000 -7.000000 2.000000   grass
-1.000000 -7.000000 3.000000   grass
-1.000000 -7.000000 4.000000   grass
-1.000000 -7.000000 5.000000   grass
-1.000000 -7.000000 6.000000   grass
-1.000000 -7.000000 7.000000   grass
-1.000000 -6.000000 -7.000000   grass
-1.000000 -6.000000 7.000000   grass
-1.000000 -5.000000 -7.000000   grass
-1.000000 -5.000000 7.000000   grass
-1.000000 -4.000000 -7.000000   grass
-1.000000 -4.000000 7.000000   grass
-1.000000 -3.000000 -7.000000   grass
-1.000000 -3.000000 7.000000   grass
-1.000000 -2.000000 -7.000000   grass
-1.000000 -2.000000 7.000000   grass
-1.000000 -1.000000 -7.000000   grass
-1.000000 -1.000000 7.000000   grass
-1.000000 0.000000 -7.000000   grass
-1.000000 0.000000 7.000000   grass
-1.000000 1.000000 -7.000000   grass
-1.000000 1.000000 7.000000   grass
-1.000000 2.000000 -7.000000   grass
-1.000000 2.000000 7.000000   grass
-1.000000 3.000000 -7.000000   grass
-1.000000 3.000000 7.000000   grass
-1.000000 4.000000 -7.000000   grass
-1.000000 4.000000 7.000000   grass
-1.000000 5.000000 -7.000000   grass
-1.000000 5.000000 7.000000   grass
-1.000000 6.000000 -7.000000   grass
-1.000000 6.000000 7.000000   grass
-1.000000 7.000000 -7.000000   grass
-1.000000 7.000000 -6.000000   grass
-1.000000 7.000000 -5.000000   grass
-1.000000 7.000000 -4.000000   grass
-1.000000 7.000000 -3.000000   grass
-1.000000 7.000000 -2.000000   grass
-1.000000 7.000000 -1.000000   grass
-1.000000 7.000000 0.000000   grass
-1.000000 7.000000 1.000000   grass
-1.000000 7.000000 2.000000   grass
-1.000000 7.000000 3.000000   grass
-1.000000 7.000000 4.000000   grass
-1.000000 7.000000 5.000000   grass
-1.000000 7.000000 6.000000   grass
-1.000000 7.000000 7.000000   grass
0.000000 -7.000000 -7.000000   grass
0.000000 -7.000000 -6.000000   grass
0.000000 -7.000000 -5.000000   grass
0.000000 -7.000000 -4.000000   grass
0.000000 -7.000000 -3.000000   grass
0.000000 -7.000000 -2.000000   grass
0.000000 -7.000000 -1.000000   grass
0.000000 -7.000000 0.000000   grass
0.000000 -7.000000 1.000000   grass
0.000000 -7.000000 2.000000   grass
0.000000 -7.000000 3.000000   grass
0.000000 -7.000000 4.000000   grass
0.000000 -7.000000 5.000000   grass
0.000000 -7.000000 6.000000   grass
0.000000 -7.000000 7.000000   grass
0.000000 -6.000000 -7.000000   grass
0.000000 -6.000000 7.000000   grass
0.000000 -5.000000 -7.000000   grass
0.000000 -5.000000 7.000000   grass
0.000000 -4.000000 -7.000000   grass
0.000000 -4.000000 7.000000   grass
0.000000 -3.000000 -7.000000   grass
0.000000 -3.000000 7.000000   grass
0.000000 -2.000000 -7.000000   grass
0.000000 -2.000000 7.000000   grass
0.000000 -1.000000 -7.000000   grass
0.000000 -1.000000 7.000000   grass
0.000000 0.000000 -7.000000   grass
0.000000 0.000000 7.000000   grass
0.000000 1.000000 -7.000000   grass
0.000000 1.000000 7.000000   grass
0.000000 2.000000 -7.000000   grass
0.000000 2.000000 7.000000   grass
0.000000 3.000000 -7.000000   grass
0.000000 3.000000 7.000000   grass
0.000000 4.000000 -7.000000   grass
0.000000 4.000000 7.000000   grass
0.000000 5.000000 -7.000000   grass
0.000000 5.000000 7.000000   grass
0.000000 6.000000 -7.000000   grass
0.000000 6.000000 7.000000   grass
0.000000 7.000000 -7.000000   grass
0.000000 7.000000 -6.000000   grass
0.000000 7.000000 -5.000000   grass
0.000000 7.000000 -4.000000   grass
0.000000 7.000000 -3.000000   grass
0.000000 7.000000 -2.000000   grass
0.000000 7.000000 -1.000000   grass
0.000000 7.000000 0.000000   grass
0.000000 7.000000 1.000000   grass
0.000000 7.000000 2.000000   grass
0.000000 7.000000 3.000000   grass
0.000000 7.000000 4.000000   grass
0.000000 7.000000 5.000000   grass
0.000000 7.000000 6.000000   grass
0.000000 7.000000 7.000000   grass
1.000000 -7.000000 -7.000000   grass
1.000000 -7.000000 -6.000000   grass
1.000000 -7.000000 -5.000000   grass
1.000000 -7.000000 -4.000000   grass
1.000000 -7.000000 -3.000000   grass
1.000000 -7.000000 -2.000000   grass
1.000000 -7.000000 -1.000000   grass
1.000000 -7.000000 0.000000   grass
1.000000 -7.000000 1.000000   grass
1.000000 -7.000000 2.000000   grass
1.000000 -7.000000 3.000000   grass
1.000000 -7.000000 4.000000   grass
1.000000 -7.000000 5.000000   grass
1.000000 -7.000000 6.000000   grass
1.000000 -7.000000 7.000000   grass
1.000000 -6.000000 -7.000000   grass
1.000000 -6.000000 7.000000   grass
1.000000 -5.000000 -7.000000   grass
1.000000 -5.000000 7.000000   grass
1.000000 -4.000000 -7.000000   grass
1.000000 -4.000000 7.000000   grass
1.000000 -3.000000 -7.000000   grass
1.000000 -3.000000 7.000000   grass
1.000000 -2.000000 -7.000000   grass
1.000000 -2.000000 7.000000   grass
1.000000 -1.000000 -7.000000   grass
1.000000 -1.000000 7.000000   grass
1.000000 0.000000 -7.000000   grass
1.000000 0.000000 7.000000   grass
1.000000 1.000000 -7.000000   grass
1.000000 1.000000 7.000000   grass
1.000000 2.000000 -7.000000   grass
1.000000 2.000000 7.000000   grass
1.000000 3.000000 -7.000000   grass
1.000000 3.000000 7.000000   grass
1.000000 4.000000 -7.000000   grass
1.000000 4.000000 7.000000   grass
1.000000 5.000000 -7.000000   grass
1.000000 5.000000 7.000000   grass
1.000000 6.000000 -7.000000   grass
1.000000 6.000000 7.000000   grass
1.000000 7.000000 -7.000000   grass
1.000000 7.000000 -6.000000   grass
1.000000 7.000000 -5.000000   grass
1.000000 7.000000 -4.000000   grass
1.000000 7.000000 -3.000000   grass
1.000000 7.000000 -2.000000   grass
1.000000 7.000000 -1.000000   grass
1.000000 7.000000 0.000000   grass
1.000000 7.000000 1.000000   grass
1.000000 7.000000 2.000000   grass
1.000000 7.000000 3.000000   grass
1.000000 7.000000 4.000000   grass
1.000000 7.000000 5.000000   grass
1.000000 7.000000 6.000000   grass
1.000000 7.000000 7.000000   grass
2.000000 -7.000000 -7.000000   grass
2.000000 -7.000000 -6.000000   grass
2.000000 -7.000000 -5.000000   grass
2.000000 -7.000000 -4.000000   grass
2.000000 -7.000000 -3.000000   grass
2.000000 -7.000000 -2.000000   grass
2.000000 -7.000000 -1.000000   grass
2.000000 -7.000000 0.000000   grass
2.000000 -7.000000 1.000000   grass
2.000000 -7.000000 2.000000   grass
2.000000 -7.000000 3.000000   grass
2.000000 -7.000000 4.000000   grass
2.000000 -7.000000 5.000000   grass
2.000000 -7.000000 6.000000   grass
2.000000 -7.000000 7.000000   grass
2.000000 -6.000000 -7.000000   grass
2.000000 -6.000000 7.000000   grass
2.000000 -5.000000 -7.000000   grass
2.000000 -5.000000 7.000000   grass
2.000000 -4.000000 -7.000000   grass
2.000000 -4.000000 7.000000   grass
2.000000 -3.000000 -7.000000   grass
2.000000 -3.000000 7.000000   grass
2.000000 -2.000000 -7.000000   grass
2.000000 -2.000000 7.000000   grass
2.000000 -1.000000 -7.000000   grass
2.000000 -1.000000 7.000000   grass
2.000000 0.000000 -7.000000   grass
2.000000 0.000000 7.000000   grass
2.000000 1.000000 -7.000000   grass
2.000000 1.000000 7.000000   grass
2.000000 2.000000 -7.000000   grass
2.000000 2.000000 7.000000   grass
2.000000 3.000000 -7.000000   grass
2.000000 3.000000 7.000000   grass
2.000000 4.000000 -7.000000   grass
2.000000 4.000000 7.000000   grass
2.000000 5.000000 -7.000000   grass
2.000000 5.000000 7.000000   grass
2.000000 6.000000 -7.000000   grass
2.000000 6.000000 7.000000   grass
2.000000 7.000000 -7.000000   grass
2.000000 7.000000 -6.000000   grass
2.000000 7.000000 -5.000000   grass
2.000000 7.000000 -4.000000   grass
2.000000 7.000000 -3.000000   grass
2.000000 7.000000 -2.000000   grass
2.000000 7.000000 -1.000000   grass
2.000000 7.000000 0.000000   grass
2.000000 7.000000 1.000000   grass
2.000000 7.000000 2.000000   grass
2.000000 7.000000 3.000000   grass
2.000000 7.000000 4.000000   grass
2.000000 7.000000 5.000000   grass
2.000000 7.000000 6.000000   grass
2.000000 7.000000 7.000000   grass
3.000000 -7.000000 -7.000000   grass
3.000000 -7.000000 -6.000000   grass
3.000000 -7.000000 -5.000000   grass
3.000000 -7.000000 -4.000000   grass
3.000000 -7.000000 -3.000000   grass
3.000000 -7.000000 -2.000000   grass
3.000000 -7.000000 -1.000000   grass
3.000000 -7.000000 0.000000   grass
3.000000 -7.000000 1.000000   grass
3.000000 -7.000000 2.000000   grass
3.000000 -7.000000 3.000000   grass
3.000000 -7.000000 4.000000   grass
3.000000 -7.000000 5.000000   grass
3.000000 -7.000000 6.000000   grass
3.000000 -7.000000 7.000000   grass
3.000000 -6.000000 -7.000000   grass
3.000000 -6.000000 7.000000   grass
3.000000 -5.000000 -7.000000   grass
3.000000 -5.000000 7.000000   grass
3.000000 -4.000000 -7.000000   grass
3.000000 -4.000000 7.000000   grass
3.000000 -3.000000 -7.000000   grass
3.000000 -3.000000 7.000000   grass
3.000000 -2.000000 -7.000000   grass
3.000000 -2.000000 7.000000   grass
3.000000 -1.000000 -7.000000   grass
3.000000 -1.000000 7.000000   grass
3.000000 0.000000 -7.000000   grass
3.000000 0.000000 7.000000   grass
3.000000 1.000000 -7.000000   grass
3.000000 1.000000 7.000000   grass
3.000000 2.000000 -7.000000   grass
3.000000 2.000000 7.000000   grass
3.000000 3.000000 -7.000000   grass
3.000000 3.000000 7.000000   grass
3.000000 4.000000 -7.000000   grass
3.000000 4.000000 7.000000   grass
3.000000 5.000000 -7.000000   grass
3.000000 5.000000 7.000000   grass
3.000000 6.000000 -7.000000   grass
3.000000 6.000000 7.000000   grass
3.000000 7.000000 -7.000000   grass
3.000000 7.000000 -6.000000   grass
3.000000 7.000000 -5.000000   grass
3.000000 7.000000 -4.000000   grass
3.000000 7.000000 -3.000000   grass
3.000000 7.000000 -2.000000   grass
3.000000 7.000000 -1.000000   grass
3.000000 7.000000 0.000000   grass
3.000000 7.000000 1.000000   grass
3.000000 7.000000 2.000000   grass
3.000000 7.000000 3.000000   grass
3.000000 7.000000 4.000000   grass
3.000000 7.000000 5.000000   grass
3.000000 7.000000 6.000000   grass
3.000000 7.000000 7.000000   grass
4.000000 -7.000000 -7.000000   grass
4.000000 -7.000000 -6.000000   grass
4.000000 -7.000000 -5.000000   grass
4.000000 -7.000000 -4.000000   grass
4.000000 -7.000000 -3.000000   grass
4.000000 -7.000000 -2.000000   grass
4.000000 -7.000000 -1.000000   grass
4.000000 -7.000000 0.000000   grass
4.000000 -7.000000 1.000000   grass
4.000000 -7.000000 2.000000   grass
4.000000 -7.000000 3.000000   grass
4.000000 -7.000000 4.000000   grass
4.000000 -7.000000 5.000000   grass
4.000000 -7.000000 6.000000   grass
4.000000 -7.000000 7.000000   grass
4.000000 -6.000000 -7.000000   grass
4.000000 -6.000000 7.000000   grass
4.000000 -5.000000 -7.000000   grass
4.000000 -5.000000 7.000000   grass
4.000000 -4.000000 -7.000000   grass
4.000000 -4.000000 7.000000   grass
4.000000 -3.000000 -7.000000   grass
4.000000 -3.000000 7.000000   grass
4.000000 -2.000000 -7.000000   grass
4.000000 -2.000000 7.000000   grass
4.000000 -1.000000 -7.000000   grass
4.000000 -1.000000 7.000000   grass
4.000000 0.000000 -7.000000   grass
4.000000 0.000000 7.000000   grass
4.000000 1.000000 -7.000000   grass
4.000000 1.000000 7.000000   grass
4.000000 2.000000 -7.000000   grass
4.000000 2.000000 7.000000   grass
4.000000 3.000000 -7.000000   grass
4.000000 3.000000 7.000000   grass
4.000000 4.000000 -7.000000   grass
4.000000 4.000000 7.000000   grass
4.000000 5.000000 -7.000000   grass
4.000000 5.000000 7.000000   grass
4.000000 6.000000 -7.000000   grass
4.000000 6.000000 7.000000   grass
4.000000 7.000000 -7.000000   grass
4.000000 7.000000 -6.000000   grass
4.000000 7.000000 -5.000000   grass
4.000000 7.000000 -4.000000   grass
4.000000 7.000000 -3.000000   grass
4.000000 7.000000 -2.000000   grass
4.000000 7.000000 -1.000000   grass
4.000000 7.000000 0.000000   grass
4.000000 7.000000 1.000000   grass
4.000000 7.000000 2.000000   grass
4.000000 7.000000 3.000000   grass
4.000000 7.000000 4.000000   grass
4.000000 7.000000 5.000000   grass
4.000000 7.000000 6.000000   grass
4.000000 7.000000 7.000000   grass
5.000000 -7.000000 -7.000000   grass
5.000000 -7.000000 -6.000000   grass
5.000000 -7.000000 -5.000000   grass
5.000000 -7.000000 -4.000000   grass
5.000000 -7.000000 -3.000000   grass
5.000000 -7.000000 -2.000000   grass
5.000000 -7.000000 -1.000000   grass
5.000000 -7.000000 0.000000   grass
5.000000 -7.000000 1.000000   grass
5.000000 -7.000000 2.000000   grass
5.000000 -7.000000 3.000000   grass
5.000000 -7.000000 4.000000   grass
5.000000 -7.000000 5.000000   grass
5.000000 -7.000000 6.000000   grass
5.000000 -7.000000 7.000000   grass
5.000000 -6.000000 -7.000000   grass
5.000000 -6.000000 7.000000   grass
5.000000 -5.000000 -7.000000   grass
5.000000 -5.000000 7.000000   grass
5.000000 -4.000000 -7.000000   grass
5.000000 -4.000000 7.000000   grass
5.000000 -3.000000 -7.000000   grass
5.000000 -3.000000 7.000000   grass
5.000000 -2.000000 -7.000000   grass
5.000000 -2.000000 7.000000   grass
5.000000 -1.000000 -7.000000   grass
5.000000 -1.000000 -1.000000   stair
5.000000 -1.000000 0.000000   slab
5.000000 -1.000000 1.000000   stair
5.000000 -1.000000 7.000000   grass
5.000000 0.000000 -7.000000   grass
5.000000 0.000000 -1.000000   slab
5.000000 0.000000 0.000000   florr
5.000000 0.000000 1.000000   slab
5.000000 0.000000 7.000000   grass
5.000000 1.000000 -7.000000   grass
5.000000 1.000000 -1.000000   stair
5.000000 1.000000 0.000000   slab
5.000000 1.000000 1.000000   stair
5.000000 1.000000 7.000000   grass
5.000000 2.000000 -7.000000   grass
5.000000 2.000000 7.000000   grass
5.000000 3.000000 -7.000000   grass
5.000000 3.000000 7.000000   grass
5.000000 4.000000 -7.000000   grass
5.000000 4.000000 7.000000   grass
5.000000 5.000000 -7.000000   grass
5.000000 5.000000 7.000000   grass
5.000000 6.000000 -7.000000   grass
5.000000 6.000000 7.000000   grass
5.000000 7.000000 -7.000000   grass
5.000000 7.000000 -6.000000   grass
5.000000 7.000000 -5.000000   grass
5.000000 7.000000 -4.000000   grass
5.000000 7.000000 -3.000000   grass
5.000000 7.000000 -2.000000   grass
5.000000 7.000000 -1.000000   grass
5.000000 7.000000 0.000000   grass
5.000000 7.000000 1.000000   grass
5.000000 7.000000 2.000000   grass
5.000000 7.000000 3.000000   grass
5.000000 7.000000 4.000000   grass
5.000000 7.000000 5.000000   grass
5.000000 7.000000 6.000000   grass
5.000000 7.000000 7.000000   grass
6.000000 -7.000000 -7.000000   grass
6.000000 -7.000000 -6.000000   grass
6.000000 -7.000000 -5.000000   grass
6.000000 -7.000000 -4.000000   grass
6.000000 -7.000000 -3.000000   grass
6.000000 -7.000000 -2.000000   grass
6.000000 -7.000000 -1.000000   grass
6.000000 -7.000000 0.000000   grass
6.000000 -7.000000 1.000000   grass
6.000000 -7.000000 2.000000   grass
6.000000 -7.000000 3.000000   grass
6.000000 -7.000000 4.000000   grass
6.000000 -7.000000 5.000000   grass
6.000000 -7.000000 6.000000   grass
6.000000 -7.000000 7.000000   grass
6.000000 -6.000000 -7.000000   grass
6.000000 -6.000000 7.000000   grass
6.000000 -5.000000 -7.000000   grass
6.000000 -5.000000 7.000000   grass
6.000000 -4.000000 -7.000000   grass
6.000000 -4.000000 7.000000   grass
6.000000 -3.000000 -7.000000   grass
6.000000 -3.000000 7.000000   grass
6.000000 -2.000000 -7.000000   grass
6.000000 -2.000000 -2.000000   stone
6.000000 -2.000000 -1.000000   stone
6.000000 -2.000000 0.000000   stone
6.000000 -2.000000 1.000000   stone
6.000000 -2.000000 2.000000   stone
6.000000 -2.000000 7.000000   grass
6.000000 -1.000000 -7.000000   grass
6.000000 -1.000000 -2.000000   stone
6.000000 -1.000000 -1.000000   stone
6.000000 -1.000000 0.000000   stone
6.000000 -1.000000 1.000000   stone
6.000000 -1.000000 2.000000   stone
6.000000 -1.000000 7.000000   grass
6.000000 0.000000 -7.000000   grass
6.000000 0.000000 -2.000000   stone
6.000000 0.000000 -1.000000   stone
6.000000 0.000000 1.000000   stone
6.000000 0.000000 2.000000   stone
6.000000 0.000000 7.000000   grass
6.000000 1.000000 -7.000000   grass
6.000000 1.000000 -2.000000   stone
6.000000 1.000000 -1.000000   stone
6.000000 1.000000 0.000000   stone
6.000000 1.000000 1.000000   stone
6.000000 1.000000 2.000000   stone
6.000000 1.000000 7.000000   grass
6.000000 2.000000 -7.000000   grass
6.000000 2.000000 -2.000000   stone
6.000000 2.000000 -1.000000   stone
6.000000 2.000000 0.000000   stone
6.000000 2.000000 1.000000   stone
6.000000 2.000000 2.000000   stone
6.000000 2.000000 7.000000   grass
6.000000 3.000000 -7.000000   grass
6.000000 3.000000 7.000000   grass
6.000000 4.000000 -7.000000   grass
6.000000 4.000000 7.000000   grass
6.000000 5.000000 -7.000000   grass
6.000000 5.000000 7.000000   grass
6.000000 6.000000 -7.000000   grass
6.000000 6.000000 7.000000   grass
6.000000 7.000000 -7.000000   grass
6.000000 7.000000 -6.000000   grass
6.000000 7.000000 -5.000000   grass
6.000000 7.000000 -4.000000   grass
6.000000 7.000000 -3.000000   grass
6.000000 7.000000 -2.000000   grass
6.000000 7.000000 -1.000000   grass
6.000000 7.000000 0.000000   grass
6.000000 7.000000 1.000000   grass
6.000000 7.000000 2.000000   grass
6.000000 7.000000 3.000000   grass
6.000000 7.000000 4.000000   grass
6.000000 7.000000 5.000000   grass
6.000000 7.000000 6.000000   grass
6.000000 7.000000 7.000000   grass
7.000000 -7.000000 -7.000000   grass
7.000000 -7.000000 -6.000000   grass
7.000000 -7.000000 -5.000000   grass
7.000000 -7.000000 -4.000000   grass
7.000000 -7.000000 -3.000000   grass
7.000000 -7.000000 -2.000000   grass
7.000000 -7.000000 -1.000000   grass
7.000000 -7.000000 0.000000   grass
7.000000 -7.000000 1.000000   grass
7.000000 -7.000000 2.000000   grass
7.000000 -7.000000 3.000000   grass
7.000000 -7.000000 4.000000   grass
7.000000 -7.000000 5.000000   grass
7.000000 -7.000000 6.000000   grass
7.000000 -7.000000 7.000000   grass
7.000000 -6.000000 -7.000000   grass
7.000000 -6.000000 -6.000000   grass
7.000000 -6.000000 -5.000000   grass
7.000000 -6.000000 -4.000000   grass
7.000000 -6.000000 -3.000000   grass
7.000000 -6.000000 -2.000000   grass
7.000000 -6.000000 -1.000000   grass
7.000000 -6.000000 0.000000   grass
7.000000 -6.000000 1.000000   grass
7.000000 -6.000000 2.000000   grass
7.000000 -6.000000 3.000000   grass
7.000000 -6.000000 4.000000   grass
7.000000 -6.000000 5.000000   grass
7.000000 -6.000000 6.000000   grass
7.000000 -6.000000 7.000000   grass
7.000000 -5.000000 -7.000000   grass
7.000000 -5.000000 -6.000000   grass
7.000000 -5.000000 -5.000000   grass
7.000000 -5.000000 -4.000000   grass
7.000000 -5.000000 -3.000000   grass
7.000000 -5.000000 -2.000000   grass
7.000000 -5.000000 -1.000000   grass
7.000000 -5.000000 0.000000   grass
7.000000 -5.000000 1.000000   grass
7.000000 -5.000000 2.000000   grass
7.000000 -5.000000 3.000000   grass
7.000000 -5.000000 4.000000   grass
7.000000 -5.000000 5.000000   grass
7.000000 -5.000000 6.000000   grass
7.000000 -5.000000 7.000000   grass
7.000000 -4.000000 -7.000000   grass
7.000000 -4.000000 -6.000000   grass
7.000000 -4.000000 -5.000000   grass
7.000000 -4.000000 -4.000000   grass
7.000000 -4.000000 -3.000000   grass
7.000000 -4.000000 -2.000000   grass
7.000000 -4.000000 -1.000000   grass
7.000000 -4.000000 0.000000   grass
7.000000 -4.000000 1.000000   grass
7.000000 -4.000000 2.000000   grass
7.000000 -4.000000 3.000000   grass
7.000000 -4.000000 4.000000   grass
7.000000 -4.000000 5.000000   grass
7.000000 -4.000000 6.000000   grass
7.000000 -4.000000 7.000000   grass
7.000000 -3.000000 -7.000000   grass
7.000000 -3.000000 -6.000000   grass
7.000000 -3.000000 -5.000000   grass
7.000000 -3.000000 -4.000000   grass
7.000000 -3.000000 -3.000000   grass
7.000000 -3.000000 -2.000000   grass
7.000000 -3.000000 -1.000000   grass
7.000000 -3.000000 0.000000   grass
7.000000 -3.000000 1.000000   grass
7.000000 -3.000000 2.000000   grass
7.000000 -3.000000 3.000000   grass
7.000000 -3.000000 4.000000   grass
7.000000 -3.000000 5.000000   grass
7.000000 -3.000000 6.000000   grass
7.000000 -3.000000 7.000000   grass
7.000000 -2.000000 -7.000000   grass
7.000000 -2.000000 -6.000000   grass
7.000000 -2.000000 -5.000000   grass
7.000000 -2.000000 -4.000000   grass
7.000000 -2.000000 -3.000000   grass
7.000000 -2.000000 -2.000000   grass
7.000000 -2.000000 -1.000000   grass
7.000000 -2.000000 0.000000   grass
7.000000 -2.000000 1.000000   grass
7.000000 -2.000000 2.000000   grass
7.000000 -2.000000 3.000000   grass
7.000000 -2.000000 4.000000   grass
7.000000 -2.000000 5.000000   grass
7.000000 -2.000000 6.000000   grass
7.000000 -2.000000 7.000000   grass
7.000000 -1.000000 -7.000000   grass
7.000000 -1.000000 -6.000000   grass
7.000000 -1.000000 -5.000000   grass
7.000000 -1.000000 -4.000000   grass
7.000000 -1.000000 -3.000000   grass
7.000000 -1.000000 -2.000000   grass
7.000000 -1.000000 -1.000000   grass
7.000000 -1.000000 0.000000   grass
7.000000 -1.000000 1.000000   grass
7.000000 -1.000000 2.000000   grass
7.000000 -1.000000 3.000000   grass
7.000000 -1.000000 4.000000   grass
7.000000 -1.000000 5.000000   grass
7.000000 -1.000000 6.000000   grass
7.000000 -1.000000 7.000000   grass
7.000000 0.000000 -7.000000   grass
7.000000 0.000000 -6.000000   grass
7.000000 0.000000 -5.000000   grass
7.000000 0.000000 -4.000000   grass
7.000000 0.000000 -3.000000   grass
7.000000 0.000000 -2.000000   grass
7.000000 0.000000 -1.000000   grass
7.000000 0.000000 0.000000   grass
7.000000 0.000000 1.000000   grass
7.000000 0.000000 2.000000   grass
7.000000 0.000000 3.000000   grass
7.000000 0.000000 4.000000   grass
7.000000 0.000000 5.000000   grass
7.000000 0.000000 6.000000   grass
7.000000 0.000000 7.000000   grass
7.000000 1.000000 -7.000000   grass
7.000000 1.000000 -6.000000   grass
7.000000 1.000000 -5.000000   grass
7.000000 1.000000 -4.000000   grass
7.000000 1.000000 -3.000000   grass
7.000000 1.000000 -2.000000   grass
7.000000 1.000000 -1.000000   grass
7.000000 1.000000 0.000000   grass
7.000000 1.000000 1.000000   grass
7.000000 1.000000 2.000000   grass
7.000000 1.000000 3.000000   grass
7.000000 1.000000 4.000000   grass
7.000000 1.000000 5.000000   grass
7.000000 1.000000 6.000000   grass
7.000000 1.000000 7.000000   grass
7.000000 2.000000 -7.000000   grass
7.000000 2.000000 -6.000000   grass
7.000000 2.000000 -5.000000   grass
7.000000 2.000000 -4.000000   grass
7.000000 2.000000 -3.000000   grass
7.000000 2.000000 -2.000000   grass
7.000000 2.000000 -1.000000   grass
7.000000 2.000000 0.000000   grass
7.000000 2.000000 1.000000   grass
7.000000 2.000000 2.000000   grass
7.000000 2.000000 3.000000   grass
7.000000 2.000000 4.000000   grass
7.000000 2.000000 5.000000   grass
7.000000 2.000000 6.000000   grass
7.000000 2.000000 7.000000   grass
7.000000 3.000000 -7.000000   grass
7.000000 3.000000 -6.000000   grass
7.000000 3.000000 -5.000000   grass
7.000000 3.000000 -4.000000   grass
7.000000 3.000000 -3.000000   grass
7.000000 3.000000 -2.000000   grass
7.000000 3.000000 -1.000000   grass
7.000000 3.000000 0.000000   grass
7.000000 3.000000 1.000000   grass
7.000000 3.000000 2.000000   grass
7.000000 3.000000 3.000000   grass
7.000000 3.000000 4.000000   grass
7.000000 3.000000 5.000000   grass
7.000000 3.000000 6.000000   grass
7.000000 3.000000 7.000000   grass
7.000000 4.000000 -7.000000   grass
7.000000 4.000000 -6.000000   grass
7.000000 4.000000 -5.000000   grass
7.000000 4.000000 -4.000000   grass
7.000000 4.000000 -3.000000   grass
7.000000 4.000000 -2.000000   grass
7.000000 4.000000 -1.000000   grass
7.000000 4.000000 0.000000   grass
7.000000 4.000000 1.000000   grass
7.000000 4.000000 2.000000   grass
7.000000 4.000000 3.000000   grass
7.000000 4.000000 4.000000   grass
7.000000 4.000000 5.000000   grass
7.000000 4.000000 6.000000   grass
7.000000 4.000000 7.000000   grass
7.000000 5.000000 -7.000000   grass
7.000000 5.000000 -6.000000   grass
7.000000 5.000000 -5.000000   grass
7.000000 5.000000 -4.000000   grass
7.000000 5.000000 -3.000000   grass
7.000000 5.000000 -2.000000   grass
7.000000 5.000000 -1.000000   grass
7.000000 5.000000 0.000000   grass
7.000000 5.000000 1.000000   grass
7.000000 5.000000 2.000000   grass
7.000000 5.000000 3.000000   grass
7.000000 5.000000 4.000000   grass
7.000000 5.000000 5.000000   grass
7.000000 5.000000 6.000000   grass
7.000000 5.000000 7.000000   grass
7.000000 6.000000 -7.000000   grass
7.000000 6.000000 -6.000000   grass
7.000000 6.000000 -5.000000   grass
7.000000 6.000000 -4.000000   grass
7.000000 6.000000 -3.000000   grass
7.000000 6.000000 -2.000000   grass
7.000000 6.000000 -1.000000   grass
7.000000 6.000000 0.000000   grass
7.000000 6.000000 1.000000   grass
7.000000 6.000000 2.000000   grass
7.000000 6.000000 3.000000   grass
7.000000 6.000000 4.000000   grass
7.000000 6.000000 5.000000   grass
7.000000 6.000000 6.000000   grass
7.000000 6.000000 7.000000   grass
7.000000 7.000000 -7.000000   grass
7.000000 7.000000 -6.000000   grass
7.000000 7.000000 -5.000000   grass
7.000000 7.000000 -4.000000   grass
7.000000 7.000000 -3.000000   grass
7.000000 7.000000 -2.000000   grass
7.000000 7.000000 -1.000000   grass
7.000000 7.000000 0.000000   grass
7.000000 7.000000 1.000000   grass
7.000000 7.000000 2.000000   grass
7.000000 7.000000 3.000000   grass
7.000000 7.000000 4.000000   grass
7.000000 7.000000 5.000000   grass
7.000000 7.000000 6.000000   grass
7.000000 7.000000 7.000000   grass

8
5.000000 -1.000000 -1.000000   24
5.000000 -1.000000 0.000000   24
5.000000 -1.000000 1.000000   40
5.000000 0.000000 0.000000   16
5.000000 0.000000 1.000000   40
5.000000 1.000000 0.000000   32
5.000000 1.000000 1.000000   32
7.000000 0.000000 0.000000   16
