1232
-7.000000 -7.000000 -7.000000   grass
-7.000000 -7.000000 -6.000000   grass
-7.000000 -7.000000 -5.000000   grass
-7.000000 -7.000000 -4.000000   grass
-7.000000 -7.000000 -3.000000   grass
-7.000000 -7.000000 -2.000000   grass
-7.000000 -7.000000 -1.000000   grass
-7.000000 -7.000000 0.000000   grass
-7.000000 -7.000000 1.000000   grass
-7.000000 -7.000000 2.000000   grass
-7.000000 -7.000000 3.000000   grass
-7.000000 -7.000000 4.000000   grass
-7.000000 -7.000000 5.000000   grass
-7.000000 -7.000000 6.000000   grass
-7.000000 -7.000000 7.000000   grass
-7.000000 -6.000000 -7.000000   grass
-7.000000 -6.000000 -6.000000   grass
-7.000000 -6.000000 -5.000000   grass
-7.000000 -6.000000 -4.000000   grass
-7.000000 -6.000000 -3.000000   grass
-7.000000 -6.000000 -2.000000   grass
-7.000000 -6.000000 -1.000000   grass
-7.000000 -6.000000 0.000000   grass
-7.000000 -6.000000 1.000000   grass
-7.000000 -6.000000 2.000000   grass
-7.000000 -6.000000 3.000000   grass
-7.000000 -6.000000 4.000000   grass
-7.000000 -6.000000 5.000000   grass
-7.000000 -6.000000 6.000000   grass
-7.000000 -6.000000 7.000000   grass
-7.000000 -5.000000 -7.000000   grass
-7.000000 -5.000000 -6.000000   grass
-7.000000 -5.000000 -5.000000   grass
-7.000000 -5.000000 -4.000000   grass
-7.000000 -5.000000 -3.000000   grass
-7.000000 -5.000000 -2.000000   grass
-7.000000 -5.000000 -1.000000   grass
-7.000000 -5.000000 0.000000   grass
-7.000000 -5.000000 1.000000   grass
-7.000000 -5.000000 2.000000   grass
-7.000000 -5.000000 3.000000   grass
-7.000000 -5.000000 4.000000   grass
-7.000000 -5.000000 5.000000   grass
-7.000000 -5.000000 6.000000   grass
-7.000000 -5.000000 7.000000   grass
-7.000000 -4.000000 -7.000000   grass
-7.000000 -4.000000 -6.000000   grass
-7.000000 -4.000000 -5.000000   grass
-7.000000 -4.000000 -4.000000   grass
-7.000000 -4.000000 -3.000000   grass
-7.000000 -4.000000 -2.000000   grass
-7.000000 -4.000000 -1.000000   grass
-7.000000 -4.000000 0.000000   grass
-7.000000 -4.000000 1.000000   grass
-7.000000 -4.000000 2.000000   grass
-7.000000 -4.000000 3.000000   grass
-7.000000 -4.000000 4.000000   grass
-7.000000 -4.000000 5.000000   grass
-7.000000 -4.000000 6.000000   grass
-7.000000 -4.000000 7.000000   grass
-7.000000 -3.000000 -7.000000   grass
-7.000000 -3.000000 -6.000000   grass
-7.000000 -3.000000 -5.000000   grass
-7.000000 -3.000000 -4.000000   grass
-7.000000 -3.000000 -3.000000   grass
-7.000000 -3.000000 -2.000000   grass
-7.000000 -3.000000 -1.000000   grass
-7.000000 -3.000000 0.000000   grass
-7.000000 -3.000000 1.000000   grass
-7.000000 -3.000000 2.000000   grass
-7.000000 -3.000000 3.000000   grass
-7.000000 -3.000000 4.000000   grass
-7.000000 -3.000000 5.000000   grass
-7.000000 -3.000000 6.000000   grass
-7.000000 -3.000000 7.000000   grass
-7.000000 -2.000000 -7.000000   grass
-7.000000 -2.000000 -6.000000   grass
-7.000000 -2.000000 -5.000000   grass
-7.000000 -2.000000 -4.000000   grass
-7.000000 -2.000000 -3.000000   grass
-7.000000 -2.000000 -2.000000   grass
-7.000000 -2.000000 -1.000000   grass
-7.000000 -2.000000 0.000000   grass
-7.000000 -2.000000 1.000000   grass
-7.000000 -2.000000 2.000000   grass
-7.000000 -2.000000 3.000000   grass
-7.000000 -2.000000 4.000000   grass
-7.000000 -2.000000 5.000000   grass
-7.000000 -2.000000 6.000000   grass
-7.000000 -2.000000 7.000000   grass
-7.000000 -1.000000 -7.000000   grass
-7.000000 -1.000000 -6.000000   grass
-7.000000 -1.000000 -5.000000   grass
-7.000000 -1.000000 -4.000000   grass
-7.000000 -1.000000 -3.000000   grass
-7.000000 -1.000000 -2.000000   grass
-7.000000 -1.000000 -1.000000   grass
-7.000000 -1.000000 0.000000   grass
-7.000000 -1.000000 1.000000   grass
-7.000000 -1.000000 2.000000   grass
-7.000000 -1.000000 3.000000   grass
-7.000000 -1.000000 4.000000   grass
-7.000000 -1.000000 5.000000   grass
-7.000000 -1.000000 6.000000   grass
-7.000000 -1.000000 7.000000   grass
-7.000000 0.000000 -7.000000   grass
-7.000000 0.000000 -6.000000   grass
-7.000000 0.000000 -5.000000   grass
-7.000000 0.000000 -4.000000   grass
-7.000000 0.000000 -3.000000   grass
-7.000000 0.000000 -2.000000   grass
-7.000000 0.000000 -1.000000   grass
-7.000000 0.000000 0.000000   grass
-7.000000 0.000000 1.000000   grass
-7.000000 0.000000 2.000000   grass
-7.000000 0.000000 3.000000   grass
-7.000000 0.000000 4.000000   grass
-7.000000 0.000000 5.000000   grass
-7.000000 0.000000 6.000000   grass
-7.000000 0.000000 7.000000   grass
-7.000000 1.000000 -7.000000   grass
-7.000000 1.000000 -6.000000   grass
-7.000000 1.000000 -5.000000   grass
-7.000000 1.000000 -4.000000   grass
-7.000000 1.000000 -3.000000   grass
-7.000000 1.000000 -2.000000   grass
-7.000000 1.000000 -1.000000   grass
-7.000000 1.000000 0.000000   grass
-7.000000 1.000000 1.000000   grass
-7.000000 1.000000 2.000000   grass
-7.000000 1.000000 3.000000   grass
-7.000000 1.000000 4.000000   grass
-7.000000 1.000000 5.000000   grass
-7.000000 1.000000 6.000000   grass
-7.000000 1.000000 7.000000   grass
-7.000000 2.000000 -7.000000   grass
-7.000000 2.000000 -6.000000   grass
-7.000000 2.000000 -5.000000   grass
-7.000000 2.000000 -4.000000   grass
-7.000000 2.000000 -3.000000   grass
-7.000000 2.000000 -2.000000   grass
-7.000000 2.000000 -1.000000   grass
-7.000000 2.000000 0.000000   grass
-7.000000 2.000000 1.000000   grass
-7.000000 2.000000 2.000000   grass
-7.000000 2.000000 3.000000   grass
-7.000000 2.000000 4.000000   grass
-7.000000 2.000000 5.000000   grass
-7.000000 2.000000 6.000000   grass
-7.000000 2.000000 7.000000   grass
-7.000000 3.000000 -7.000000   grass
-7.000000 3.000000 -6.000000   grass
-7.000000 3.000000 -5.000000   grass
-7.000000 3.000000 -4.000000   grass
-7.000000 3.000000 -3.000000   grass
-7.000000 3.000000 -2.000000   grass
-7.000000 3.000000 -1.000000   grass
-7.000000 3.000000 0.000000   grass
-7.000000 3.000000 1.000000   grass
-7.000000 3.000000 2.000000   grass
-7.000000 3.000000 3.000000   grass
-7.000000 3.000000 4.000000   grass
-7.000000 3.000000 5.000000   grass
-7.000000 3.000000 6.000000   grass
-7.000000 3.000000 7.000000   grass
-7.000000 4.000000 -7.000000   grass
-7.000000 4.000000 -6.000000   grass
-7.000000 4.000000 -5.000000   grass
-7.000000 4.000000 -4.000000   grass
-7.000000 4.000000 -3.000000   grass
-7.000000 4.000000 -2.000000   grass
-7.000000 4.000000 -1.000000   grass
-7.000000 4.000000 0.000000   grass
-7.000000 4.000000 1.000000   grass
-7.000000 4.000000 2.000000   grass
-7.000000 4.000000 3.000000   grass
-7.000000 4.000000 4.000000   grass
-7.000000 4.000000 5.000000   grass
-7.000000 4.000000 6.000000   grass
-7.000000 4.000000 7.000000   grass
-7.000000 5.000000 -7.000000   grass
-7.000000 5.000000 -6.000000   grass
-7.000000 5.000000 -5.000000   grass
-7.000000 5.000000 -4.000000   grass
-7.000000 5.000000 -3.000000   grass
-7.000000 5.000000 -2.000000   grass
-7.000000 5.000000 -1.000000   grass
-7.000000 5.000000 0.000000   grass
-7.000000 5.000000 1.000000   grass
-7.000000 5.000000 2.000000   grass
-7.000000 5.000000 3.000000   grass
-7.000000 5.000000 4.000000   grass
-7.000000 5.000000 5.000000   grass
-7.000000 5.000000 6.000000   grass
-7.000000 5.000000 7.000000   grass
-7.000000 6.000000 -7.000000   grass
-7.000000 6.000000 -6.000000   grass
-7.000000 6.000000 -5.000000   grass
-7.000000 6.000000 -4.000000   grass
-7.000000 6.000000 -3.000000   grass
-7.000000 6.000000 -2.000000   grass
-7.000000 6.000000 -1.000000   grass
-7.000000 6.000000 0.000000   grass
-7.000000 6.000000 1.000000   grass
-7.000000 6.000000 2.000000   grass
-7.000000 6.000000 3.000000   grass
-7.000000 6.000000 4.000000   grass
-7.000000 6.000000 5.000000   grass
-7.000000 6.000000 6.000000   grass
-7.000000 6.000000 7.000000   grass
-7.000000 7.000000 -7.000000   grass
-7.000000 7.000000 -6.000000   grass
-7.000000 7.000000 -5.000000   grass
-7.000000 7.000000 -4.000000   grass
-7.000000 7.000000 -3.000000   grass
-7.000000 7.000000 -2.000000   grass
-7.000000 7.000000 -1.000000   grass
-7.000000 7.000000 0.000000   grass
-7.000000 7.000000 1.000000   grass
-7.000000 7.000000 2.000000   grass
-7.000000 7.000000 3.000000   grass
-7.000000 7.000000 4.000000   grass
-7.000000 7.000000 5.000000   grass
-7.000000 7.000000 6.000000   grass
-7.000000 7.000000 7.000000   grass
-6.000000 -7.000000 -7.000000   grass
-6.000000 -7.000000 -6.000000   grass
-6.000000 -7.000000 -5.000000   grass
-6.000000 -7.000000 -4.000000   grass
-6.000000 -7.000000 -3.000000   grass
-6.000000 -7.000000 -2.000000   grass
-6.000000 -7.000000 -1.000000   grass
-6.000000 -7.000000 0.000000   grass
-6.000000 -7.000000 1.000000   grass
-6.000000 -7.000000 2.000000   grass
-6.000000 -7.000000 3.000000   grass
-6.000000 -7.000000 4.000000   grass
-6.000000 -7.000000 5.000000   grass
-6.000000 -7.000000 6.000000   grass
-6.000000 -7.000000 7.000000   grass
-6.000000 -6.000000 -7.000000   grass
-6.000000 -6.000000 7.000000   grass
-6.000000 -5.000000 -7.000000   grass
-6.000000 -5.000000 7.000000   grass
-6.000000 -4.000000 -7.000000   grass
-6.000000 -4.000000 7.000000   grass
-6.000000 -3.000000 -7.000000   grass
-6.000000 -3.000000 7.000000   grass
-6.000000 -2.000000 -7.000000   grass
-6.000000 -2.000000 -2.000000   stone
-6.000000 -2.000000 -1.000000   stone
-6.000000 -2.000000 0.000000   stone
-6.000000 -2.000000 1.000000   stone
-6.000000 -2.000000 2.000000   stone
-6.000000 -2.000000 7.000000   grass
-6.000000 -1.000000 -7.000000   grass
-6.000000 -1.000000 -2.000000   stone
-6.000000 -1.000000 -1.000000   stone
-6.000000 -1.000000 0.000000   stone
-6.000000 -1.000000 1.000000   stone
-6.000000 -1.000000 2.000000   stone
-6.000000 -1.000000 7.000000   grass
-6.000000 0.000000 -7.000000   grass
-6.000000 0.000000 -2.000000   stone
-6.000000 0.000000 -1.000000   stone
-6.000000 0.000000 0.000000   stone
-6.000000 0.000000 1.000000   stone
-6.000000 0.000000 2.000000   stone
-6.000000 0.000000 7.000000   grass
-6.000000 1.000000 -7.000000   grass
-6.000000 1.000000 -2.000000   stone
-6.000000 1.000000 -1.000000   stone
-6.000000 1.000000 0.000000   stone
-6.000000 1.000000 1.000000   stone
-6.000000 1.000000 2.000000   stone
-6.000000 1.000000 7.000000   grass
-6.000000 2.000000 -7.000000   grass
-6.000000 2.000000 -2.000000   stone
-6.000000 2.000000 -1.000000   stone
-6.000000 2.000000 0.000000   stone
-6.000000 2.000000 1.000000   stone
-6.000000 2.000000 2.000000   stone
-6.000000 2.000000 7.000000   grass
-6.000000 3.000000 -7.000000   grass
-6.000000 3.000000 7.000000   grass
-6.000000 4.000000 -7.000000   grass
-6.000000 4.000000 7.000000   grass
-6.000000 5.000000 -7.000000   grass
-6.000000 5.000000 7.000000   grass
-6.000000 6.000000 -7.000000   grass
-6.000000 6.000000 7.000000   grass
-6.000000 7.000000 -7.000000   grass
-6.000000 7.000000 -6.000000   grass
-6.000000 7.000000 -5.000000   grass
-6.000000 7.000000 -4.000000   grass
-6.000000 7.000000 -3.000000   grass
-6.000000 7.000000 -2.000000   grass
-6.000000 7.000000 -1.000000   grass
-6.000000 7.000000 0.000000   grass
-6.000000 7.000000 1.000000   grass
-6.000000 7.000000 2.000000   grass
-6.000000 7.000000 3.000000   grass
-6.000000 7.000000 4.000000   grass
-6.000000 7.000000 5.000000   grass
-6.000000 7.000000 6.000000   grass
-6.000000 7.000000 7.000000   grass
-5.000000 -7.000000 -7.000000   grass
-5.000000 -7.000000 -6.000000   grass
-5.000000 -7.000000 -5.000000   grass
-5.000000 -7.000000 -4.000000   grass
-5.000000 -7.000000 -3.000000   grass
-5.000000 -7.000000 -2.000000   grass
-5.000000 -7.000000 -1.000000   grass
-5.000000 -7.000000 0.000000   grass
-5.000000 -7.000000 1.000000   grass
-5.000000 -7.000000 2.000000   grass
-5.000000 -7.000000 3.000000   grass
-5.000000 -7.000000 4.000000   grass
-5.000000 -7.000000 5.000000   grass
-5.000000 -7.000000 6.000000   grass
-5.000000 -7.000000 7.000000   grass
-5.000000 -6.000000 -7.000000   grass
-5.000000 -6.000000 7.000000   grass
-5.000000 -5.000000 -7.000000   grass
-5.000000 -5.000000 7.000000   grass
-5.000000 -4.000000 -7.000000   grass
-5.000000 -4.000000 7.000000   grass
-5.000000 -3.000000 -7.000000   grass
-5.000000 -3.000000 7.000000   grass
-5.000000 -2.000000 -7.000000   grass
-5.000000 -2.000000 7.000000   grass
-5.000000 -1.000000 -7.000000   grass
-5.000000 -1.000000 7.000000   grass
-5.000000 0.000000 -7.000000   grass
-5.000000 0.000000 7.000000   grass
-5.000000 1.000000 -7.000000   grass
-5.000000 1.000000 7.000000   grass
-5.000000 2.000000 -7.000000   grass
-5.000000 2.000000 7.000000   grass
-5.000000 3.000000 -7.000000   grass
-5.000000 3.000000 7.000000   grass
-5.000000 4.000000 -7.000000   grass
-5.000000 4.000000 7.000000   grass
-5.000000 5.000000 -7.000000   grass
-5.000000 5.000000 7.000000   grass
-5.000000 6.000000 -7.000000   grass
-5.000000 6.000000 7.000000   grass
-5.000000 7.000000 -7.000000   grass
-5.000000 7.000000 -6.000000   grass
-5.000000 7.000000 -5.000000   grass
-5.000000 7.000000 -4.000000   grass
-5.000000 7.000000 -3.000000   grass
-5.000000 7.000000 -2.000000   grass
-5.000000 7.000000 -1.000000   grass
-5.000000 7.000000 0.000000   grass
-5.000000 7.000000 1.000000   grass
-5.000000 7.000000 2.000000   grass
-5.000000 7.000000 3.000000   grass
-5.000000 7.000000 4.000000   grass
-5.000000 7.000000 5.000000   grass
-5.000000 7.000000 6.000000   grass
-5.000000 7.000000 7.000000   grass
-4.000000 -7.000000 -7.000000   grass
-4.000000 -7.000000 -6.000000   grass
-4.000000 -7.000000 -5.000000   grass
-4.000000 -7.000000 -4.000000   grass
-4.000000 -7.000000 -3.000000   grass
-4.000000 -7.000000 -2.000000   grass
-4.000000 -7.000000 -1.000000   grass
-4.000000 -7.000000 0.000000   grass
-4.000000 -7.000000 1.000000   grass
-4.000000 -7.000000 2.000000   grass
-4.000000 -7.000000 3.000000   grass
-4.000000 -7.000000 4.000000   grass
-4.000000 -7.000000 5.000000   grass
-4.000000 -7.000000 6.000000   grass
-4.000000 -7.000000 7.000000   grass
-4.000000 -6.000000 -7.000000   grass
-4.000000 -6.000000 7.000000   grass
-4.000000 -5.000000 -7.000000   grass
-4.000000 -5.000000 7.000000   grass
-4.000000 -4.000000 -7.000000   grass
-4.000000 -4.000000 7.000000   grass
-4.000000 -3.000000 -7.000000   grass
-4.000000 -3.000000 7.000000   grass
-4.000000 -2.000000 -7.000000   grass
-4.000000 -2.000000 7.000000   grass
-4.000000 -1.000000 -7.000000   grass
-4.000000 -1.000000 7.000000   grass
-4.000000 0.000000 -7.000000   grass
-4.000000 0.000000 7.000000   grass
-4.000000 1.000000 -7.000000   grass
-4.000000 1.000000 7.000000   grass
-4.000000 2.000000 -7.000000   grass
-4.000000 2.000000 7.000000   grass
-4.000000 3.000000 -7.000000   grass
-4.000000 3.000000 7.000000   grass
-4.000000 4.000000 -7.000000   grass
-4.000000 4.000000 7.000000   grass
-4.000000 5.000000 -7.000000   grass
-4.000000 5.000000 7.000000   grass
-4.000000 6.000000 -7.000000   grass
-4.000000 6.000000 7.000000   grass
-4.000000 7.000000 -7.000000   grass
-4.000000 7.000000 -6.000000   grass
-4.000000 7.000000 -5.000000   grass
-4.000000 7.000000 -4.000000   grass
-4.000000 7.000000 -3.000000   grass
-4.000000 7.000000 -2.000000   grass
-4.000000 7.000000 -1.000000   grass
-4.000000 7.000000 0.000000   grass
-4.000000 7.000000 1.000000   grass
-4.000000 7.000000 2.000000   grass
-4.000000 7.000000 3.000000   grass
-4.000000 7.000000 4.000000   grass
-4.000000 7.000000 5.000000   grass
-4.000000 7.000000 6.000000   grass
-4.000000 7.000000 7.000000   grass
-3.000000 -7.000000 -7.000000   grass
-3.000000 -7.000000 -6.000000   grass
-3.000000 -7.000000 -5.000000   grass
-3.000000 -7.000000 -4.000000   grass
-3.000000 -7.000000 -3.000000   grass
-3.000000 -7.000000 -2.000000   grass
-3.000000 -7.000000 -1.000000   grass
-3.000000 -7.000000 0.000000   grass
-3.000000 -7.000000 1.000000   grass
-3.000000 -7.000000 2.000000   grass
-3.000000 -7.000000 3.000000   grass
-3.000000 -7.000000 4.000000   grass
-3.000000 -7.000000 5.000000   grass
-3.000000 -7.000000 6.000000   grass
-3.000000 -7.000000 7.000000   grass
-3.000000 -6.000000 -7.000000   grass
-3.000000 -6.000000 7.000000   grass
-3.000000 -5.000000 -7.000000   grass
-3.000000 -5.000000 7.000000   grass
-3.000000 -4.000000 -7.000000   grass
-3.000000 -4.000000 7.000000   grass
-3.000000 -3.000000 -7.000000   grass
-3.000000 -3.000000 7.000000   grass
-3.000000 -2.000000 -7.000000   grass
-3.000000 -2.000000 7.000000   grass
-3.000000 -1.000000 -7.000000   grass
-3.000000 -1.000000 7.000000   grass
-3.000000 0.000000 -7.000000   grass
-3.000000 0.000000 7.000000   grass
-3.000000 1.000000 -7.000000   grass
-3.000000 1.000000 7.000000   grass
-3.000000 2.000000 -7.000000   grass
-3.000000 2.000000 7.000000   grass
-3.000000 3.000000 -7.000000   grass
-3.000000 3.000000 7.000000   grass
-3.000000 4.000000 -7.000000   grass
-3.000000 4.000000 7.000000   grass
-3.000000 5.000000 -7.000000   grass
-3.000000 5.000000 7.000000   grass
-3.000000 6.000000 -7.000000   grass
-3.000000 6.000000 7.000000   grass
-3.000000 7.000000 -7.000000   grass
-3.000000 7.000000 -6.000000   grass
-3.000000 7.000000 -5.000000   grass
-3.000000 7.000000 -4.000000   grass
-3.000000 7.000000 -3.000000   grass
-3.000000 7.000000 -2.000000   grass
-3.000000 7.000000 -1.000000   grass
-3.000000 7.000000 0.000000   grass
-3.000000 7.000000 1.000000   grass
-3.000000 7.000000 2.000000   grass
-3.000000 7.000000 3.000000   grass
-3.000000 7.000000 4.000000   grass
-3.000000 7.000000 5.000000   grass
-3.000000 7.000000 6.000000   grass
-3.000000 7.000000 7.000000   grass
-2.000000 -7.000000 -7.000000   grass
-2.000000 -7.000000 -6.000000   grass
-2.000000 -7.000000 -5.000000   grass
-2.000000 -7.000000 -4.000000   grass
-2.000000 -7.000000 -3.000000   grass
-2.000000 -7.000000 -2.000000   grass
-2.000000 -7.000000 -1.000000   grass
-2.000000 -7.000000 0.000000   grass
-2.000000 -7.000000 1.000000   grass
-2.000000 -7.000000 2.000000   grass
-2.000000 -7.000000 3.000000   grass
-2.000000 -7.000000 4.000000   grass
-2.000000 -7.000000 5.000000   grass
-2.000000 -7.000000 6.000000   grass
-2.000000 -7.000000 7.000000   grass
-2.000000 -6.000000 -7.000000   grass
-2.000000 -6.000000 7.000000   grass
-2.000000 -5.000000 -7.000000   grass
-2.000000 -5.000000 7.000000   grass
-2.000000 -4.000000 -7.000000   grass
-2.000000 -4.000000 7.000000   grass
-2.000000 -3.000000 -7.000000   grass
-2.000000 -3.000000 7.000000   grass
-2.000000 -2.000000 -7.000000   grass
-2.000000 -2.000000 7.000000   grass
-2.000000 -1.000000 -7.000000   grass
-2.000000 -1.000000 7.000000   grass
-2.000000 0.000000 -7.000000   grass
-2.000000 0.000000 7.000000   grass
-2.000000 1.000000 -7.000000   grass
-2.000000 1.000000 7.000000   grass
-2.000000 2.000000 -7.000000   grass
-2.000000 2.000000 7.000000   grass
-2.000000 3.000000 -7.000000   grass
-2.000000 3.000000 7.000000   grass
-2.000000 4.000000 -7.000000   grass
-2.000000 4.000000 7.000000   grass
-2.000000 5.000000 -7.000000   grass
-2.000000 5.000000 7.000000   grass
-2.000000 6.000000 -7.000000   grass
-2.000000 6.000000 7.000000   grass
-2.000000 7.000000 -7.000000   grass
-2.000000 7.000000 -6.000000   grass
-2.000000 7.000000 -5.000000   grass
-2.000000 7.000000 -4.000000   grass
-2.000000 7.000000 -3.000000   grass
-2.000000 7.000000 -2.000000   grass
-2.000000 7.000000 -1.000000   grass
-2.000000 7.000000 0.000000   grass
-2.000000 7.000000 1.000000   grass
-2.000000 7.000000 2.000000   grass
-2.000000 7.000000 3.000000   grass
-2.000000 7.000000 4.000000   grass
-2.000000 7.000000 5.000000   grass
-2.000000 7.000000 6.000000   grass
-2.000000 7.000000 7.000000   grass
-1.000000 -7.000000 -7.000000   grass
-1.000000 -7.000000 -6.000000   grass
-1.000000 -7.000000 -5.000000   grass
-1.000000 -7.000000 -4.000000   grass
-1.000000 -7.000000 -3.000000   grass
-1.000000 -7.000000 -2.000000   grass
-1.000000 -7.000000 -1.000000   grass
-1.000000 -7.000000 0.000000   grass
-1.000000 -7.000000 1.000000   grass
-1.000000 -7.000000 2.000000   grass
-1.000000 -7.000000 3.000000   grass
-1.000000 -7.000000 4.000000   grass
-1.000000 -7.000000 5.000000   grass
-1.000000 -7.000000 6.000000   grass
-1.000000 -7.000000 7.000000   grass
-1.000000 -6.000000 -7.000000   grass
-1.000000 -6.000000 7.000000   grass
-1.000000 -5.000000 -7.000000   grass
-1.000000 -5.000000 7.000000   grass
-1.000000 -4.000000 -7.000000   grass
-1.000000 -4.000000 7.000000   grass
-1.000000 -3.000000 -7.000000   grass
-1.000000 -3.000000 7.000000   grass
-1.000000 -2.000000 -7.000000   grass
-1.000000 -2.000000 7.000000   grass
-1.000000 -1.000000 -7.000000   grass
-1.000000 -1.000000 7.000000   grass
-1.000000 0.000000 -7.000000   grass
-1.000000 0.000000 7.000000   grass
-1.000000 1.000000 -7.000000   grass
-1.000000 1.000000 7.000000   grass
-1.000000 2.000000 -7.000000   grass
-1.000000 2.000000 7.000000   grass
-1.000000 3.000000 -7.000000   grass
-1.000000 3.000000 7.000000   grass
-1.000000 4.000000 -7.000000   grass
-1.000000 4.000000 7.000000   grass
-1.000000 5.000000 -7.000000   grass
-1.000000 5.000000 7.000000   grass
-1.000000 6.000000 -7.000000   grass
-1.000000 6.000000 7.000000   grass
-1.000000 7.000000 -7.000000   grass
-1.000000 7.000000 -6.000000   grass
-1.000000 7.000000 -5.000000   grass
-1.000000 7.000000 -4.000000   grass
-1.000000 7.000000 -3.000000   grass
-1.000000 7.000000 -2.000000   grass
-1.000000 7.000000 -1.000000   grass
-1.000000 7.000000 0.000000   grass
-1.000000 7.000000 1.000000   grass
-1.000000 7.000000 2.000000   grass
-1.000000 7.000000 3.000000   grass
-1.000000 7.000000 4.000000   grass
-1.000000 7.000000 5.000000   grass
-1.000000 7.000000 6.000000   grass
-1.000000 7.000000 7.000000   grass
0.000000 -7.000000 -7.000000   grass
0.000000 -7.000000 -6.000000   grass
0.000000 -7.000000 -5.000000   grass
0.000000 -7.000000 -4.000000   grass
0.000000 -7.000000 -3.000000   grass
0.000000 -7.000000 -2.000000   grass
0.000000 -7.000000 -1.000000   grass
0.000000 -7.000000 0.000000   grass
0.000000 -7.000000 1.000000   grass
0.000000 -7.000000 2.000000   grass
0.000000 -7.000000 3.000000   grass
0.000000 -7.000000 4.000000   grass
0.000000 -7.000000 5.000000   grass
0.000000 -7.000000 6.000000   grass
0.000000 -7.000000 7.000000   grass
0.000000 -6.000000 -7.000000   grass
0.000000 -6.000000 7.000000   grass
0.000000 -5.000000 -7.000000   grass
0.000000 -5.000000 7.000000   grass
0.000000 -4.000000 -7.000000   grass
0.000000 -4.000000 7.000000   grass
0.000000 -3.000000 -7.000000   grass
0.000000 -3.000000 7.000000   grass
0.000000 -2.000000 -7.000000   grass
0.000000 -2.000000 7.000000   grass
0.000000 -1.000000 -7.000000   grass
0.000000 -1.000000 7.000000   grass
0.000000 0.000000 -7.000000   grass
0.000000 0.000000 7.000000   grass
0.000000 1.000000 -7.000000   grass
0.000000 1.000000 7.000000   grass
0.000000 2.000000 -7.000000   grass
0.000000 2.000000 7.000000   grass
0.000000 3.000000 -7.000000   grass
0.000000 3.000000 7.000000   grass
0.000000 4.000000 -7.000000   grass
0.000000 4.000000 7.000000   grass
0.000000 5.000000 -7.000000   grass
0.000000 5.000000 7.000000   grass
0.000000 6.000000 -7.000000   grass
0.000000 6.000000 7.000000   grass
0.000000 7.000000 -7.000000   grass
0.000000 7.000000 -6.000000   grass
0.000000 7.000000 -5.000000   grass
0.000000 7.000000 -4.000000   grass
0.000000 7.000000 -3.000000   grass
0.000000 7.000000 -2.000000   grass
0.000000 7.000000 -1.000000   grass
0.000000 7.000000 0.000000   grass
0.000000 7.000000 1.000000   grass
0.000000 7.000000 2.000000   grass
0.000000 7.000000 3.000000   grass
0.000000 7.000000 4.000000   grass
0.000000 7.000000 5.000000   grass
0.000000 7.000000 6.000000   grass
0.000000 7.000000 7.000000   grass
1.000000 -7.000000 -7.000000   grass
1.000000 -7.000000 -6.000000   grass
1.000000 -7.000000 -5.000000   grass
1.000000 -7.000000 -4.000000   grass
1.000000 -7.000000 -3.000000   grass
1.000000 -7.000000 -2.000000   grass
1.000000 -7.000000 -1.000000   grass
1.000000 -7.000000 0.000000   grass
1.000000 -7.000000 1.000000   grass
1.000000 -7.000000 2.000000   grass
1.000000 -7.000000 3.000000   grass
1.000000 -7.000000 4.000000   grass
1.000000 -7.000000 5.000000   grass
1.000000 -7.000000 6.000000   grass
1.000000 -7.000000 7.000000   grass
1.000000 -6.000000 -7.000000   grass
1.000000 -6.000000 7.000000   grass
1.000000 -5.000000 -7.000000   grass
1.000000 -5.000000 7.000000   grass
1.000000 -4.000000 -7.000000   grass
1.000000 -4.000000 7.000000   grass
1.000000 -3.000000 -7.000000   grass
1.000000 -3.000000 7.000000   grass
1.000000 -2.000000 -7.000000   grass
1.000000 -2.000000 7.000000   grass
1.000000 -1.000000 -7.000000   grass
1.000000 -1.000000 7.000000   grass
1.000000 0.000000 -7.000000   grass
1.000000 0.000000 7.000000   grass
1.000000 1.000000 -7.000000   grass
1.000000 1.000000 7.000000   grass
1.000000 2.000000 -7.000000   grass
1.000000 2.000000 7.000000   grass
1.000000 3.000000 -7.000000   grass
1.000000 3.000000 7.000000   grass
1.000000 4.000000 -7.000000   grass
1.000000 4.000000 7.000000   grass
1.000000 5.000000 -7.000000   grass
1.000000 5.000000 7.000000   grass
1.000000 6.000000 -7.000000   grass
1.000000 6.000000 7.000000   grass
1.000000 7.000000 -7.000000   grass
1.000000 7.000000 -6.000000   grass
1.000000 7.000000 -5.000000   grass
1.000000 7.000000 -4.000000   grass
1.000000 7.000000 -3.000000   grass
1.000000 7.000000 -2.000000   grass
1.000000 7.000000 -1.000000   grass
1.000000 7.000000 0.000000   grass
1.000000 7.000000 1.000000   grass
1.000000 7.000000 2.000000   grass
1.000000 7.000000 3.000000   grass
1.000000 7.000000 4.000000   grass
1.000000 7.000000 5.000000   grass
1.000000 7.000000 6.000000   grass
1.000000 7.000000 7.000000   grass
2.000000 -7.000000 -7.000000   grass
2.000000 -7.000000 -6.000000   grass
2.000000 -7.000000 -5.000000   grass
2.000000 -7.000000 -4.000000   grass
2.000000 -7.000000 -3.000000   grass
2.000000 -7.000000 -2.000000   grass
2.000000 -7.000000 -1.000000   grass
2.000000 -7.000000 0.000000   grass
2.000000 -7.000000 1.000000   grass
2.000000 -7.000000 2.000000   grass
2.000000 -7.000000 3.000000   grass
2.000000 -7.000000 4.000000   grass
2.000000 -7.000000 5.000000   grass
2.000000 -7.000000 6.000000   grass
2.000000 -7.000000 7.000000   grass
2.000000 -6.000000 -7.000000   grass
2.000000 -6.000000 7.000000   grass
2.000000 -5.000000 -7.000000   grass
2.000000 -5.000000 7.000000   grass
2.000000 -4.000000 -7.000000   grass
2.000000 -4.000000 7.000000   grass
2.000000 -3.000000 -7.000000   grass
2.000000 -3.000000 7.000000   grass
2.000000 -2.000000 -7.000000   grass
2.000000 -2.000000 7.000000   grass
2.000000 -1.000000 -7.000000   grass
2.000000 -1.000000 7.000000   grass
2.000000 0.000000 -7.000000   grass
2.000000 0.000000 7.000000   grass
2.000000 1.000000 -7.000000   grass
2.000000 1.000000 7.000000   grass
2.000000 2.000000 -7.000000   grass
2.000000 2.000000 7.000000   grass
2.000000 3.000000 -7.000000   grass
2.000000 3.000000 7.000000   grass
2.000000 4.000000 -7.000000   grass
2.000000 4.000000 7.000000   grass
2.000000 5.000000 -7.000000   grass
2.000000 5.000000 7.000000   grass
2.000000 6.000000 -7.000000   grass
2.000000 6.000000 7.000000   grass
2.000000 7.000000 -7.000000   grass
2.000000 7.000000 -6.000000   grass
2.000000 7.000000 -5.000000   grass
2.000000 7.000000 -4.000000   grass
2.000000 7.000000 -3.000000   grass
2.000000 7.000000 -2.000000   grass
2.000000 7.000000 -1.000000   grass
2.000000 7.000000 0.000000   grass
2.000000 7.000000 1.000000   grass
2.000000 7.000000 2.000000   grass
2.000000 7.000000 3.000000   grass
2.000000 7.000000 4.000000   grass
2.000000 7.000000 5.000000   grass
2.000000 7.000000 6.000000   grass
2.000000 7.000000 7.000000   grass
3.000000 -7.000000 -7.000000   grass
3.000000 -7.000000 -6.000000   grass
3.000000 -7.000000 -5.000000   grass
3.000000 -7.000000 -4.000000   grass
3.000000 -7.000000 -3.000000   grass
3.000000 -7.000000 -2.000000   grass
3.000000 -7.000000 -1.000000   grass
3.000000 -7.000000 0.000000   grass
3.000000 -7.000000 1.000000   grass
3.000000 -7.000000 2.000000   grass
3.000000 -7.000000 3.000000   grass
3.000000 -7.000000 4.000000   grass
3.000000 -7.000000 5.000000   grass
3.000000 -7.000000 6.000000   grass
3.000000 -7.000000 7.000000   grass
3.000000 -6.000000 -7.000000   grass
3.000000 -6.000000 7.000000   grass
3.000000 -5.000000 -7.000000   grass
3.000000 -5.000000 7.000000   grass
3.000000 -4.000000 -7.000000   grass
3.000000 -4.000000 7.000000   grass
3.000000 -3.000000 -7.000000   grass
3.000000 -3.000000 7.000000   grass
3.000000 -2.000000 -7.000000   grass
3.000000 -2.000000 7.000000   grass
3.000000 -1.000000 -7.000000   grass
3.000000 -1.000000 7.000000   grass
3.000000 0.000000 -7.000000   grass
3.000000 0.000000 7.000000   grass
3.000000 1.000000 -7.000000   grass
3.000000 1.000000 7.000000   grass
3.000000 2.000000 -7.000000   grass
3.000000 2.000000 7.000000   grass
3.000000 3.000000 -7.000000   grass
3.000000 3.000000 7.000000   grass
3.000000 4.000000 -7.000000   grass
3.000000 4.000000 7.000000   grass
3.000000 5.000000 -7.000000   grass
3.000000 5.000000 7.000000   grass
3.000000 6.000000 -7.000000   grass
3.000000 6.000000 7.000000   grass
3.000000 7.000000 -7.000000   grass
3.000000 7.000000 -6.000000   grass
3.000000 7.000000 -5.000000   grass
3.000000 7.000000 -4.000000   grass
3.000000 7.000000 -3.000000   grass
3.000000 7.000000 -2.000000   grass
3.000000 7.000000 -1.000000   grass
3.000000 7.000000 0.000000   grass
3.000000 7.000000 1.000000   grass
3.000000 7.000000 2.000000   grass
3.000000 7.000000 3.000000   grass
3.000000 7.000000 4.000000   grass
3.000000 7.000000 5.000000   grass
3.000000 7.000000 6.000000   grass
3.000000 7.000000 7.000000   grass
4.000000 -7.000000 -7.000000   grass
4.000000 -7.000000 -6.000000   grass
4.000000 -7.000000 -5.000000   grass
4.000000 -7.000000 -4.000000   grass
4.000000 -7.000000 -3.000000   grass
4.000000 -7.000000 -2.000000   grass
4.000000 -7.000000 -1.000000   grass
4.000000 -7.000000 0.000000   grass
4.000000 -7.000000 1.000000   grass
4.000000 -7.000000 2.000000   grass
4.000000 -7.000000 3.000000   grass
4.000000 -7.000000 4.000000   grass
4.000000 -7.000000 5.000000   grass
4.000000 -7.000000 6.000000   grass
4.000000 -7.000000 7.000000   grass
4.000000 -6.000000 -7.000000   grass
4.000000 -6.000000 7.000000   grass
4.000000 -5.000000 -7.000000   grass
4.000000 -5.000000 7.000000   grass
4.000000 -4.000000 -7.000000   grass
4.000000 -4.000000 7.000000   grass
4.000000 -3.000000 -7.000000   grass
4.000000 -3.000000 7.000000   grass
4.000000 -2.000000 -7.000000   grass
4.000000 -2.000000 7.000000   grass
4.000000 -1.000000 -7.000000   grass
4.000000 -1.000000 7.000000   grass
4.000000 0.000000 -7.000000   grass
4.000000 0.000000 7.000000   grass
4.000000 1.000000 -7.000000   grass
4.000000 1.000000 7.000000   grass
4.000000 2.000000 -7.000000   grass
4.000000 2.000000 7.000000   grass
4.000000 3.000000 -7.000000   grass
4.000000 3.000000 7.000000   grass
4.000000 4.000000 -7.000000   grass
4.000000 4.000000 7.000000   grass
4.000000 5.000000 -7.000000   grass
4.000000 5.000000 7.000000   grass
4.000000 6.000000 -7.000000   grass
4.000000 6.000000 7.000000   grass
4.000000 7.000000 -7.000000   grass
4.000000 7.000000 -6.000000   grass
4.000000 7.000000 -5.000000   grass
4.000000 7.000000 -4.000000   grass
4.000000 7.000000 -3.000000   grass
4.000000 7.000000 -2.000000   grass
4.000000 7.000000 -1.000000   grass
4.000000 7.000000 0.000000   grass
4.000000 7.000000 1.000000   grass
4.000000 7.000000 2.000000   grass
4.000000 7.000000 3.000000   grass
4.000000 7.000000 4.000000   grass
4.000000 7.000000 5.000000   grass
4.000000 7.000000 6.000000   grass
4.000000 7.000000 7.000000   grass
5.000000 -7.000000 -7.000000   grass
5.000000 -7.000000 -6.000000   grass
5.000000 -7.000000 -5.000000   grass
5.000000 -7.000000 -4.000000   grass
5.000000 -7.000000 -3.000000   grass
5.000000 -7.000000 -2.000000   grass
5.000000 -7.000000 -1.000000   grass
5.000000 -7.000000 0.000000   grass
5.000000 -7.000000 1.000000   grass
5.000000 -7.000000 2.000000   grass
5.000000 -7.000000 3.000000   grass
5.000000 -7.000000 4.000000   grass
5.000000 -7.000000 5.000000   grass
5.000000 -7.000000 6.000000   grass
5.000000 -7.000000 7.000000   grass
5.000000 -6.000000 -7.000000   grass
5.000000 -6.000000 7.000000   grass
5.000000 -5.000000 -7.000000   grass
5.000000 -5.000000 7.000000   grass
5.000000 -4.000000 -7.000000   grass
5.000000 -4.000000 7.000000   grass
5.000000 -3.000000 -7.000000   grass
5.000000 -3.000000 7.000000   grass
5.000000 -2.000000 -7.000000   grass
5.000000 -2.000000 7.000000   grass
5.000000 -1.000000 -7.000000   grass
5.000000 -1.000000 7.000000   grass
5.000000 0.000000 -7.000000   grass
5.000000 0.000000 7.000000   grass
5.000000 1.000000 -7.000000   grass
5.000000 1.000000 7.000000   grass
5.000000 2.000000 -7.000000   grass
5.000000 2.000000 7.000000   grass
5.000000 3.000000 -7.000000   grass
5.000000 3.000000 7.000000   grass
5.000000 4.000000 -7.000000   grass
5.000000 4.000000 7.000000   grass
5.000000 5.000000 -7.000000   grass
5.000000 5.000000 7.000000   grass
5.000000 6.000000 -7.000000   grass
5.000000 6.000000 7.000000   grass
5.000000 7.000000 -7.000000   grass
5.000000 7.000000 -6.000000   grass
5.000000 7.000000 -5.000000   grass
5.000000 7.000000 -4.000000   grass
5.000000 7.000000 -3.000000   grass
5.000000 7.000000 -2.000000   grass
5.000000 7.000000 -1.000000   grass
5.000000 7.000000 0.000000   grass
5.000000 7.000000 1.000000   grass
5.000000 7.000000 2.000000   grass
5.000000 7.000000 3.000000   grass
5.000000 7.000000 4.000000   grass
5.000000 7.000000 5.000000   grass
5.000000 7.000000 6.000000   grass
5.000000 7.000000 7.000000   grass
6.000000 -7.000000 -7.000000   grass
6.000000 -7.000000 -6.000000   grass
6.000000 -7.000000 -5.000000   grass
6.000000 -7.000000 -4.000000   grass
6.000000 -7.000000 -3.000000   grass
6.000000 -7.000000 -2.000000   grass
6.000000 -7.000000 -1.000000   grass
6.000000 -7.000000 0.000000   grass
6.000000 -7.000000 1.000000   grass
6.000000 -7.000000 2.000000   grass
6.000000 -7.000000 3.000000   grass
6.000000 -7.000000 4.000000   grass
6.000000 -7.000000 5.000000   grass
6.000000 -7.000000 6.000000   grass
6.000000 -7.000000 7.000000   grass
6.000000 -6.000000 -7.000000   grass
6.000000 -6.000000 7.000000   grass
6.000000 -5.000000 -7.000000   grass
6.000000 -5.000000 7.000000   grass
6.000000 -4.000000 -7.000000   grass
6.000000 -4.000000 7.000000   grass
6.000000 -3.000000 -7.000000   grass
6.000000 -3.000000 7.000000   grass
6.000000 -2.000000 -7.000000   grass
6.000000 -2.000000 -2.000000   stone
6.000000 -2.000000 -1.000000   stone
6.000000 -2.000000 0.000000   stone
6.000000 -2.000000 1.000000   stone
6.000000 -2.000000 2.000000   stone
6.000000 -2.000000 7.000000   grass
6.000000 -1.000000 -7.000000   grass
6.000000 -1.000000 -2.000000   stone
6.000000 -1.000000 -1.000000   stone
6.000000 -1.000000 0.000000   stone
6.000000 -1.000000 1.000000   stone
6.000000 -1.000000 2.000000   stone
6.000000 -1.000000 7.000000   grass
6.000000 0.000000 -7.000000   grass
6.000000 0.000000 -4.000000   stair
6.000000 0.000000 -3.000000   stair
6.000000 0.000000 -2.000000   stone
6.000000 0.000000 -1.000000   stone
6.000000 0.000000 0.000000   stone
6.000000 0.000000 1.000000   stone
6.000000 0.000000 2.000000   stone
6.000000 0.000000 7.000000   grass
6.000000 1.000000 -7.000000   grass
6.000000 1.000000 -4.000000   stair
6.000000 1.000000 -3.000000   stair
6.000000 1.000000 -2.000000   stone
6.000000 1.000000 -1.000000   stone
6.000000 1.000000 0.000000   stone
6.000000 1.000000 1.000000   stone
6.000000 1.000000 2.000000   stone
6.000000 1.000000 7.000000   grass
6.000000 2.000000 -7.000000   grass
6.000000 2.000000 -2.000000   stone
6.000000 2.000000 -1.000000   stone
6.000000 2.000000 0.000000   stone
6.000000 2.000000 1.000000   stone
6.000000 2.000000 2.000000   stone
6.000000 2.000000 7.000000   grass
6.000000 3.000000 -7.000000   grass
6.000000 3.000000 7.000000   grass
6.000000 4.000000 -7.000000   grass
6.000000 4.000000 7.000000   grass
6.000000 5.000000 -7.000000   grass
6.000000 5.000000 7.000000   grass
6.000000 6.000000 -7.000000   grass
6.000000 6.000000 7.000000   grass
6.000000 7.000000 -7.000000   grass
6.000000 7.000000 -6.000000   grass
6.000000 7.000000 -5.000000   grass
6.000000 7.000000 -4.000000   grass
6.000000 7.000000 -3.000000   grass
6.000000 7.000000 -2.000000   grass
6.000000 7.000000 -1.000000   grass
6.000000 7.000000 0.000000   grass
6.000000 7.000000 1.000000   grass
6.000000 7.000000 2.000000   grass
6.000000 7.000000 3.000000   grass
6.000000 7.000000 4.000000   grass
6.000000 7.000000 5.000000   grass
6.000000 7.000000 6.000000   grass
6.000000 7.000000 7.000000   grass
7.000000 -7.000000 -7.000000   grass
7.000000 -7.000000 -6.000000   grass
7.000000 -7.000000 -5.000000   grass
7.000000 -7.000000 -4.000000   grass
7.000000 -7.000000 -3.000000   grass
7.000000 -7.000000 -2.000000   grass
7.000000 -7.000000 -1.000000   grass
7.000000 -7.000000 0.000000   grass
7.000000 -7.000000 1.000000   grass
7.000000 -7.000000 2.000000   grass
7.000000 -7.000000 3.000000   grass
7.000000 -7.000000 4.000000   grass
7.000000 -7.000000 5.000000   grass
7.000000 -7.000000 6.000000   grass
7.000000 -7.000000 7.000000   grass
7.000000 -6.000000 -7.000000   grass
7.000000 -6.000000 -6.000000   grass
7.000000 -6.000000 -5.000000   grass
7.000000 -6.000000 -4.000000   grass
7.000000 -6.000000 -3.000000   grass
7.000000 -6.000000 -2.000000   grass
7.000000 -6.000000 -1.000000   grass
7.000000 -6.000000 0.000000   grass
7.000000 -6.000000 1.000000   grass
7.000000 -6.000000 2.000000   grass
7.000000 -6.000000 3.000000   grass
7.000000 -6.000000 4.000000   grass
7.000000 -6.000000 5.000000   grass
7.000000 -6.000000 6.000000   grass
7.000000 -6.000000 7.000000   grass
7.000000 -5.000000 -7.000000   grass
7.000000 -5.000000 -6.000000   grass
7.000000 -5.000000 -5.000000   grass
7.000000 -5.000000 -4.000000   grass
7.000000 -5.000000 -3.000000   grass
7.000000 -5.000000 -2.000000   grass
7.000000 -5.000000 -1.000000   grass
7.000000 -5.000000 0.000000   grass
7.000000 -5.000000 1.000000   grass
7.000000 -5.000000 2.000000   grass
7.000000 -5.000000 3.000000   grass
7.000000 -5.000000 4.000000   grass
7.000000 -5.000000 5.000000   grass
7.000000 -5.000000 6.000000   grass
7.000000 -5.000000 7.000000   grass
7.000000 -4.000000 -7.000000   grass
7.000000 -4.000000 -6.000000   grass
7.000000 -4.000000 -5.000000   grass
7.000000 -4.000000 -4.000000   grass
7.000000 -4.000000 -3.000000   grass
7.000000 -4.000000 -2.000000   grass
7.000000 -4.000000 -1.000000   grass
7.000000 -4.000000 0.000000   grass
7.000000 -4.000000 1.000000   grass
7.000000 -4.000000 2.000000   grass
7.000000 -4.000000 3.000000   grass
7.000000 -4.000000 4.000000   grass
7.000000 -4.000000 5.000000   grass
7.000000 -4.000000 6.000000   grass
7.000000 -4.000000 7.000000   grass
7.000000 -3.000000 -7.000000   grass
7.000000 -3.000000 -6.000000   grass
7.000000 -3.000000 -5.000000   grass
7.000000 -3.000000 -4.000000   grass
7.000000 -3.000000 -3.000000   grass
7.000000 -3.000000 -2.000000   grass
7.000000 -3.000000 -1.000000   grass
7.000000 -3.000000 0.000000   grass
7.000000 -3.000000 1.000000   grass
7.000000 -3.000000 2.000000   grass
7.000000 -3.000000 3.000000   grass
7.000000 -3.000000 4.000000   grass
7.000000 -3.000000 5.000000   grass
7.000000 -3.000000 6.000000   grass
7.000000 -3.000000 7.000000   grass
7.000000 -2.000000 -7.000000   grass
7.000000 -2.000000 -6.000000   grass
7.000000 -2.000000 -5.000000   grass
7.000000 -2.000000 -4.000000   grass
7.000000 -2.000000 -3.000000   grass
7.000000 -2.000000 -2.000000   grass
7.000000 -2.000000 -1.000000   grass
7.000000 -2.000000 0.000000   grass
7.000000 -2.000000 1.000000   grass
7.000000 -2.000000 2.000000   grass
7.000000 -2.000000 3.000000   grass
7.000000 -2.000000 4.000000   grass
7.000000 -2.000000 5.000000   grass
7.000000 -2.000000 6.000000   grass
7.000000 -2.000000 7.000000   grass
7.000000 -1.000000 -7.000000   grass
7.000000 -1.000000 -6.000000   grass
7.000000 -1.000000 -5.000000   grass
7.000000 -1.000000 -4.000000   grass
7.000000 -1.000000 -3.000000   grass
7.000000 -1.000000 -2.000000   grass
7.000000 -1.000000 -1.000000   grass
7.000000 -1.000000 0.000000   grass
7.000000 -1.000000 1.000000   grass
7.000000 -1.000000 2.000000   grass
7.000000 -1.000000 3.000000   grass
7.000000 -1.000000 4.000000   grass
7.000000 -1.000000 5.000000   grass
7.000000 -1.000000 6.000000   grass
7.000000 -1.000000 7.000000   grass
7.000000 0.000000 -7.000000   grass
7.000000 0.000000 -6.000000   grass
7.000000 0.000000 -5.000000   grass
7.000000 0.000000 -4.000000   grass
7.000000 0.000000 -3.000000   grass
7.000000 0.000000 -2.000000   grass
7.000000 0.000000 -1.000000   grass
7.000000 0.000000 0.000000   grass
7.000000 0.000000 1.000000   grass
7.000000 0.000000 2.000000   grass
7.000000 0.000000 3.000000   grass
7.000000 0.000000 4.000000   grass
7.000000 0.000000 5.000000   grass
7.000000 0.000000 6.000000   grass
7.000000 0.000000 7.000000   grass
7.000000 1.000000 -7.000000   grass
7.000000 1.000000 -6.000000   grass
7.000000 1.000000 -5.000000   grass
7.000000 1.000000 -4.000000   grass
7.000000 1.000000 -3.000000   grass
7.000000 1.000000 -2.000000   grass
7.000000 1.000000 -1.000000   grass
7.000000 1.000000 0.000000   grass
7.000000 1.000000 1.000000   grass
7.000000 1.000000 2.000000   grass
7.000000 1.000000 3.000000   grass
7.000000 1.000000 4.000000   grass
7.000000 1.000000 5.000000   grass
7.000000 1.000000 6.000000   grass
7.000000 1.000000 7.000000   grass
7.000000 2.000000 -7.000000   grass
7.000000 2.000000 -6.000000   grass
7.000000 2.000000 -5.000000   grass
7.000000 2.000000 -4.000000   grass
7.000000 2.000000 -3.000000   grass
7.000000 2.000000 -2.000000   grass
7.000000 2.000000 -1.000000   grass
7.000000 2.000000 0.000000   grass
7.000000 2.000000 1.000000   grass
7.000000 2.000000 2.000000   grass
7.000000 2.000000 3.000000   grass
7.000000 2.000000 4.000000   grass
7.000000 2.000000 5.000000   grass
7.000000 2.000000 6.000000   grass
7.000000 2.000000 7.000000   grass
7.000000 3.000000 -7.000000   grass
7.000000 3.000000 -6.000000   grass
7.000000 3.000000 -5.000000   grass
7.000000 3.000000 -4.000000   grass
7.000000 3.000000 -3.000000   grass
7.000000 3.000000 -2.000000   grass
7.000000 3.000000 -1.000000   grass
7.000000 3.000000 0.000000   grass
7.000000 3.000000 1.000000   grass
7.000000 3.000000 2.000000   grass
7.000000 3.000000 3.000000   grass
7.000000 3.000000 4.000000   grass
7.000000 3.000000 5.000000   grass
7.000000 3.000000 6.000000   grass
7.000000 3.000000 7.000000   grass
7.000000 4.000000 -7.000000   grass
7.000000 4.000000 -6.000000   grass
7.000000 4.000000 -5.000000   grass
7.000000 4.000000 -4.000000   grass
7.000000 4.000000 -3.000000   grass
7.000000 4.000000 -2.000000   grass
7.000000 4.000000 -1.000000   grass
7.000000 4.000000 0.000000   grass
7.000000 4.000000 1.000000   grass
7.000000 4.000000 2.000000   grass
7.000000 4.000000 3.000000   grass
7.000000 4.000000 4.000000   grass
7.000000 4.000000 5.000000   grass
7.000000 4.000000 6.000000   grass
7.000000 4.000000 7.000000   grass
7.000000 5.000000 -7.000000   grass
7.000000 5.000000 -6.000000   grass
7.000000 5.000000 -5.000000   grass
7.000000 5.000000 -4.000000   grass
7.000000 5.000000 -3.000000   grass
7.000000 5.000000 -2.000000   grass
7.000000 5.000000 -1.000000   grass
7.000000 5.000000 0.000000   grass
7.000000 5.000000 1.000000   grass
7.000000 5.000000 2.000000   grass
7.000000 5.000000 3.000000   grass
7.000000 5.000000 4.000000   grass
7.000000 5.000000 5.000000   grass
7.000000 5.000000 6.000000   grass
7.000000 5.000000 7.000000   grass
7.000000 6.000000 -7.000000   grass
7.000000 6.000000 -6.000000   grass
7.000000 6.000000 -5.000000   grass
7.000000 6.000000 -4.000000   grass
7.000000 6.000000 -3.000000   grass
7.000000 6.000000 -2.000000   grass
7.000000 6.000000 -1.000000   grass
7.000000 6.000000 0.000000   grass
7.000000 6.000000 1.000000   grass
7.000000 6.000000 2.000000   grass
7.000000 6.000000 3.000000   grass
7.000000 6.000000 4.000000   grass
7.000000 6.000000 5.000000   grass
7.000000 6.000000 6.000000   grass
7.000000 6.000000 7.000000   grass
7.000000 7.000000 -7.000000   grass
7.000000 7.000000 -6.000000   grass
7.000000 7.000000 -5.000000   grass
7.000000 7.000000 -4.000000   grass
7.000000 7.000000 -3.000000   grass
7.000000 7.000000 -2.000000   grass
7.000000 7.000000 -1.000000   grass
7.000000 7.000000 0.000000   grass
7.000000 7.000000 1.000000   grass
7.000000 7.000000 2.000000   grass
7.000000 7.000000 3.000000   grass
7.000000 7.000000 4.000000   grass
7.000000 7.000000 5.000000   grass
7.000000 7.000000 6.000000   grass
7.000000 7.000000 7.000000   grass

30
2.000000 3.000000 -7.000000   8
2.000000 4.000000 -7.000000   9
2.000000 5.000000 -7.000000   1
2.000000 7.000000 -6.000000   1
3.000000 1.000000 -7.000000   9
3.000000 2.000000 -7.000000   17
3.000000 3.000000 -7.000000   1
3.000000 6.000000 -7.000000   8
3.000000 7.000000 -5.000000   8
4.000000 -7.000000 -3.000000   36
4.000000 -7.000000 -2.000000   8
4.000000 1.000000 -7.000000   1
5.000000 -7.000000 -2.000000   1
5.000000 2.000000 -7.000000   8
6.000000 -7.000000 -2.000000   8
6.000000 -2.000000 -1.000000   1
6.000000 -1.000000 -1.000000   8
6.000000 0.000000 -4.000000   24
6.000000 0.000000 -3.000000   26
6.000000 0.000000 -2.000000   10
6.000000 1.000000 -3.000000   32
6.000000 1.000000 -2.000000   8
6.000000 7.000000 -5.000000   1
7.000000 -4.000000 -1.000000   1
7.000000 -3.000000 -1.000000   8
7.000000 2.000000 -6.000000   45
7.000000 2.000000 -3.000000   1
7.000000 3.000000 -3.000000   8
7.000000 4.000000 -3.000000   1
7.000000 5.000000 -4.000000   8
