2
0.3 0.5 0.0
0.7 0.5 0.0
0.7 0.5 0.7
0.3 0.5 0.7
-1 -1 -1 -1 -1 -1 -1 -1 -1 -1 -1 -1 -1 -1 -1 -1 
-1 -1 -1 -1 -1 -1 -1 -1 -1 -1 -1 -1 -1 -1 -1 -1 
-1 -1 -1 -1 -1 -1 -1 -1 -1 -1 -1 -1 -1 -1 -1 -1 
-1 -1 -1 -1 -1 -1 -1 -1 16763904 16763904 16763904 16763904 16763904 -1 -1 -1 
-1 -1 -1 -1 -1 -1 -1 16763904 16763904 16755200 16755200 16763904 16763904 -1 -1 -1 
-1 -1 -1 47872 47872 -1 -1 16763904 16755200 16720384 16720384 16720384 -1 -1 -1 -1 
-1 -1 47872 47872 -1 -1 -1 16763904 -1 16720384 16720384 16720384 16724736 -1 -1 -1 
26112 26112 26112 26112 26112 26112 26112 26112 -1 -1 -1 -1 -1 -1 -1 -1 
26112 26112 26112 26112 26112 26112 26112 26112 -1 -1 -1 -1 -1 -1 -1 -1 
-1 -1 47872 47872 -1 -1 -1 16763904 -1 16720384 16720384 16720384 16724736 -1 -1 -1 
-1 -1 -1 47872 47872 -1 -1 16763904 16755200 16720384 16720384 16720384 -1 -1 -1 -1 
-1 -1 -1 -1 -1 -1 -1 16763904 16763904 16755200 16755200 16763904 16763904 -1 -1 -1 
-1 -1 -1 -1 -1 -1 -1 -1 16763904 16763904 16763904 16763904 16763904 -1 -1 -1 
-1 -1 -1 -1 -1 -1 -1 -1 -1 -1 -1 -1 -1 -1 -1 -1 
-1 -1 -1 -1 -1 -1 -1 -1 -1 -1 -1 -1 -1 -1 -1 -1 
-1 -1 -1 -1 -1 -1 -1 -1 -1 -1 -1 -1 -1 -1 -1 -1 
0.5 0.3 0.0
0.5 0.7 0.0
0.5 0.7 0.7
0.5 0.3 0.7
-1 -1 -1 -1 -1 -1 -1 -1 -1 -1 -1 -1 -1 -1 -1 -1 
-1 -1 -1 -1 -1 -1 -1 -1 -1 -1 -1 -1 -1 -1 -1 -1 
-1 -1 -1 -1 -1 -1 -1 -1 -1 -1 -1 -1 -1 -1 -1 -1 
-1 -1 -1 -1 -1 -1 -1 -1 16763904 16763904 16763904 16763904 16763904 -1 -1 -1 
-1 -1 -1 -1 -1 -1 -1 16763904 16763904 16755200 16755200 16763904 16763904 -1 -1 -1 
-1 -1 -1 47872 47872 -1 -1 16763904 16755200 16720384 16720384 16720384 -1 -1 -1 -1 
-1 -1 47872 47872 -1 -1 -1 16763904 -1 16720384 16720384 16720384 16724736 -1 -1 -1 
26112 26112 26112 26112 26112 26112 26112 26112 -1 -1 -1 -1 -1 -1 -1 -1 
26112 26112 26112 26112 26112 26112 26112 26112 -1 -1 -1 -1 -1 -1 -1 -1 
-1 -1 47872 47872 -1 -1 -1 16763904 -1 16720384 16720384 16720384 16724736 -1 -1 -1 
-1 -1 -1 47872 47872 -1 -1 16763904 16755200 16720384 16720384 16720384 -1 -1 -1 -1 
-1 -1 -1 -1 -1 -1 -1 16763904 16763904 16755200 16755200 16763904 16763904 -1 -1 -1 
-1 -1 -1 -1 -1 -1 -1 -1 16763904 16763904 16763904 16763904 16763904 -1 -1 -1 
-1 -1 -1 -1 -1 -1 -1 -1 -1 -1 -1 -1 -1 -1 -1 -1 
-1 -1 -1 -1 -1 -1 -1 -1 -1 -1 -1 -1 -1 -1 -1 -1 
-1 -1 -1 -1 -1 -1 -1 -1 -1 -1 -1 -1 -1 -1 -1 -1 
1
0.5 0.5 0.55
0.05
