7951674 5848361 9858122 7951674 9858122 9858122 12158300 7951674 7951674 7951674 7951674 7951674 7951674 7951674 12158300 12158300
7951674 9858122 7951674 7951674 7624772 7951674 9858122 9858122 7951674 5848361 12158300 5848361 7951674 12158300 9858122 9858122
9858122 7951674 5848361 12158300 7951674 5848361 7951674 5848361 12158300 12158300 7951674 9858122 7951674 7951674 9858122 9858122
9858122 7951674 12158300 9858122 9858122 7951674 8882055 7951674 9858122 9858122 7951674 7951674 9858122 9858122 7951674 5848361
9858122 7951674 9858122 12158300 5848361 9858122 7951674 7951674 5848361 5848361 5848361 7105644 7951674 9858122 5848361 7951674
7951674 5848361 9858122 9858122 7951674 9858122 5848361 5848361 5848361 7951674 7951674 5848361 7951674 7951674 7951674 12158300
12158300 7951674 7951674 7951674 8882055 7951674 7951674 12158300 12158300 7951674 12158300 12158300 7951674 9858122 7951674 9858122
7951674 7951674 12158300 12158300 9858122 9858122 7951674 7951674 9858122 5848361 9858122 9858122 7951674 7951674 9858122 9858122
9858122 7951674 7951674 9858122 7951674 9858122 7951674 5848361 7951674 9858122 9858122 7951674 7951674 7951674 5848361 7951674
7951674 9858122 5848361 7951674 7951674 5848361 5848361 7951674 7951674 7951674 7951674 7951674 12158300 12158300 7951674 9858122
7951674 9858122 7951674 12158300 12158300 7951674 12158300 9858122 5848361 12158300 12158300 5848361 9858122 9858122 8882055 7951674
9858122 7951674 7951674 9858122 9858122 12158300 7951674 9858122 7105644 9858122 9858122 7951674 5848361 9858122 7951674 5848361
7951674 5848361 9858122 7951674 9858122 9858122 12158300 7951674 7951674 7951674 7951674 7951674 7951674 7951674 12158300 12158300
7951674 9858122 7951674 7951674 7624772 7951674 9858122 9858122 7951674 5848361 12158300 5848361 7951674 12158300 9858122 9858122
9858122 7951674 5848361 12158300 7951674 5848361 7951674 5848361 12158300 12158300 7951674 9858122 7951674 7951674 9858122 9858122
9858122 7951674 12158300 9858122 9858122 7951674 8882055 7951674 9858122 9858122 7951674 7951674 9858122 9858122 7951674 5848361
