9858122 9858122 7951674 7951674 9858122 7951674 7951674 9858122 7951674 12158300 7951674 9858122 5848361 9288797 7714123 7648330
7951674 7951674 9858122 5848361 7951674 9858122 9858122 7951674 7951674 7951674 5848361 7951674 7105644 5848361 7121986 7779916
12158300 5848361 7951674 9858122 7951674 7951674 5848361 7951674 12158300 7951674 9858122 9858122 5848361 10275692 9091418 7582537
9858122 12158300 7951674 7951674 9858122 12158300 7951674 9858122 12158300 7951674 9858122 12158300 5848361 6595642 8499281 6727228
9858122 7951674 7624772 9858122 9858122 12158300 7951674 7951674 9858122 8882055 7951674 5848361 7450951 6924607 8630867 6727228
7951674 5848361 7951674 9858122 12158300 7951674 5848361 9858122 9858122 7951674 9858122 9858122 5848361 5848361 5848361 7319365
8882055 7951674 9858122 12158300 7951674 12158300 5848361 7951674 7951674 7951674 5848361 7951674 5848361 7385158 6858814 6266677
7951674 5848361 9858122 7951674 9858122 9858122 7951674 5848361 7951674 12158300 5848361 7951674 5848361 5848361 6464056 7121986
9858122 12158300 7951674 7951674 7105644 5848361 7951674 7951674 9858122 12158300 5848361 5848361 6266677 7648330 6266677 8306260
9858122 12158300 5848361 7951674 9858122 12158300 7951674 9858122 5848361 7951674 7951674 5848361 5848361 8372053 9683555 7779916
7951674 7951674 12158300 7951674 9858122 12158300 7951674 9858122 9858122 12158300 7951674 5848361 7187779 9617762 9486176 6990400
7951674 9858122 5848361 7951674 7951674 5848361 7951674 7951674 9858122 12158300 5848361 7105644 5848361 9946727 7582537 6793021
9858122 7951674 7951674 7951674 5848361 9858122 12158300 7951674 7951674 7951674 7951674 7951674 7951674 5848361 6398263 6924607
9858122 7951674 12158300 7951674 9858122 9858122 12158300 7951674 7951674 9858122 7951674 9858122 5848361 5740333 7121986 6398263
7951674 9858122 9858122 12158300 7951674 8882055 7951674 5848361 9858122 7951674 7951674 5848361 5848361 6332470 6793021 5279782
5848361 9858122 9858122 12158300 5848361 7951674 9858122 7951674 9858122 9858122 12158300 7951674 7951674 5848361 7056193 7187779

9858122 9858122 7951674 7951674 9858122 7951674 7951674 9858122 7951674 12158300 7951674 9858122 5848361 9288797 7714123 7648330
7951674 7951674 9858122 5848361 7951674 9858122 9858122 7951674 7951674 7951674 5848361 7951674 7105644 5848361 7121986 7779916
12158300 5848361 7951674 9858122 7951674 7951674 5848361 7951674 12158300 7951674 9858122 9858122 5848361 10275692 9091418 7582537
9858122 12158300 7951674 7951674 9858122 12158300 7951674 9858122 12158300 7951674 9858122 12158300 5848361 6595642 8499281 6727228
9858122 7951674 7624772 9858122 9858122 12158300 7951674 7951674 9858122 8882055 7951674 5848361 7450951 6924607 8630867 6727228
7951674 5848361 7951674 9858122 12158300 7951674 5848361 9858122 9858122 7951674 9858122 9858122 5848361 5848361 5848361 7319365
8882055 7951674 9858122 12158300 7951674 12158300 5848361 7951674 7951674 7951674 5848361 7951674 5848361 7385158 6858814 6266677
7951674 5848361 9858122 7951674 9858122 9858122 7951674 5848361 7951674 12158300 5848361 7951674 5848361 5848361 6464056 7121986
9858122 12158300 7951674 7951674 7105644 5848361 7951674 7951674 9858122 12158300 5848361 5848361 6266677 7648330 6266677 8306260
9858122 12158300 5848361 7951674 9858122 12158300 7951674 9858122 5848361 7951674 7951674 5848361 5848361 8372053 9683555 7779916
7951674 7951674 12158300 7951674 9858122 12158300 7951674 9858122 9858122 12158300 7951674 5848361 7187779 9617762 9486176 6990400
7951674 9858122 5848361 7951674 7951674 5848361 7951674 7951674 9858122 12158300 5848361 7105644 5848361 9946727 7582537 6793021
9858122 7951674 7951674 7951674 5848361 9858122 12158300 7951674 7951674 7951674 7951674 7951674 7951674 5848361 6398263 6924607
9858122 7951674 12158300 7951674 9858122 9858122 12158300 7951674 7951674 9858122 7951674 9858122 5848361 5740333 7121986 6398263
7951674 9858122 9858122 12158300 7951674 8882055 7951674 5848361 9858122 7951674 7951674 5848361 5848361 6332470 6793021 5279782
5848361 9858122 9858122 12158300 5848361 7951674 9858122 7951674 9858122 9858122 12158300 7951674 7951674 5848361 7056193 7187779

9858122 9858122 7951674 7951674 9858122 7951674 7951674 9858122 7951674 12158300 7951674 9858122 5848361 9288797 7714123 7648330
7951674 7951674 9858122 5848361 7951674 9858122 9858122 7951674 7951674 7951674 5848361 7951674 7105644 5848361 7121986 7779916
12158300 5848361 7951674 9858122 7951674 7951674 5848361 7951674 12158300 7951674 9858122 9858122 5848361 10275692 9091418 7582537
9858122 12158300 7951674 7951674 9858122 12158300 7951674 9858122 12158300 7951674 9858122 12158300 5848361 6595642 8499281 6727228
9858122 7951674 7624772 9858122 9858122 12158300 7951674 7951674 9858122 8882055 7951674 5848361 7450951 6924607 8630867 6727228
7951674 5848361 7951674 9858122 12158300 7951674 5848361 9858122 9858122 7951674 9858122 9858122 5848361 5848361 5848361 7319365
8882055 7951674 9858122 12158300 7951674 12158300 5848361 7951674 7951674 7951674 5848361 7951674 5848361 7385158 6858814 6266677
7951674 5848361 9858122 7951674 9858122 9858122 7951674 5848361 7951674 12158300 5848361 7951674 5848361 5848361 6464056 7121986
9858122 12158300 7951674 7951674 7105644 5848361 7951674 7951674 9858122 12158300 5848361 5848361 6266677 7648330 6266677 8306260
9858122 12158300 5848361 7951674 9858122 12158300 7951674 9858122 5848361 7951674 7951674 5848361 5848361 8372053 9683555 7779916
7951674 7951674 12158300 7951674 9858122 12158300 7951674 9858122 9858122 12158300 7951674 5848361 7187779 9617762 9486176 6990400
7951674 9858122 5848361 7951674 7951674 5848361 7951674 7951674 9858122 12158300 5848361 7105644 5848361 9946727 7582537 6793021
9858122 7951674 7951674 7951674 5848361 9858122 12158300 7951674 7951674 7951674 7951674 7951674 7951674 5848361 6398263 6924607
9858122 7951674 12158300 7951674 9858122 9858122 12158300 7951674 7951674 9858122 7951674 9858122 5848361 5740333 7121986 6398263
7951674 9858122 9858122 12158300 7951674 8882055 7951674 5848361 9858122 7951674 7951674 5848361 5848361 6332470 6793021 5279782
5848361 9858122 9858122 12158300 5848361 7951674 9858122 7951674 9858122 9858122 12158300 7951674 7951674 5848361 7056193 7187779

9858122 9858122 7951674 7951674 9858122 7951674 7951674 9858122 7951674 12158300 7951674 9858122 5848361 9288797 7714123 7648330
7951674 7951674 9858122 5848361 7951674 9858122 9858122 7951674 7951674 7951674 5848361 7951674 7105644 5848361 7121986 7779916
12158300 5848361 7951674 9858122 7951674 7951674 5848361 7951674 12158300 7951674 9858122 9858122 5848361 10275692 9091418 7582537
9858122 12158300 7951674 7951674 9858122 12158300 7951674 9858122 12158300 7951674 9858122 12158300 5848361 6595642 8499281 6727228
9858122 7951674 7624772 9858122 9858122 12158300 7951674 7951674 9858122 8882055 7951674 5848361 7450951 6924607 8630867 6727228
7951674 5848361 7951674 9858122 12158300 7951674 5848361 9858122 9858122 7951674 9858122 9858122 5848361 5848361 5848361 7319365
8882055 7951674 9858122 12158300 7951674 12158300 5848361 7951674 7951674 7951674 5848361 7951674 5848361 7385158 6858814 6266677
7951674 5848361 9858122 7951674 9858122 9858122 7951674 5848361 7951674 12158300 5848361 7951674 5848361 5848361 6464056 7121986
9858122 12158300 7951674 7951674 7105644 5848361 7951674 7951674 9858122 12158300 5848361 5848361 6266677 7648330 6266677 8306260
9858122 12158300 5848361 7951674 9858122 12158300 7951674 9858122 5848361 7951674 7951674 5848361 5848361 8372053 9683555 7779916
7951674 7951674 12158300 7951674 9858122 12158300 7951674 9858122 9858122 12158300 7951674 5848361 7187779 9617762 9486176 6990400
7951674 9858122 5848361 7951674 7951674 5848361 7951674 7951674 9858122 12158300 5848361 7105644 5848361 9946727 7582537 6793021
9858122 7951674 7951674 7951674 5848361 9858122 12158300 7951674 7951674 7951674 7951674 7951674 7951674 5848361 6398263 6924607
9858122 7951674 12158300 7951674 9858122 9858122 12158300 7951674 7951674 9858122 7951674 9858122 5848361 5740333 7121986 6398263
7951674 9858122 9858122 12158300 7951674 8882055 7951674 5848361 9858122 7951674 7951674 5848361 5848361 6332470 6793021 5279782
5848361 9858122 9858122 12158300 5848361 7951674 9858122 7951674 9858122 9858122 12158300 7951674 7951674 5848361 7056193 7187779

7951674 5848361 9858122 7951674 9858122 9858122 12158300 7951674 7951674 7951674 7951674 7951674 7951674 7951674 12158300 12158300
7951674 9858122 7951674 7951674 7624772 7951674 9858122 9858122 7951674 5848361 12158300 5848361 7951674 12158300 9858122 9858122
9858122 7951674 5848361 12158300 7951674 5848361 7951674 5848361 12158300 12158300 7951674 9858122 7951674 7951674 9858122 9858122
9858122 7951674 12158300 9858122 9858122 7951674 8882055 7951674 9858122 9858122 7951674 7951674 9858122 9858122 7951674 5848361
9858122 7951674 9858122 12158300 5848361 9858122 7951674 7951674 5848361 5848361 5848361 7105644 7951674 9858122 5848361 7951674
7951674 5848361 9858122 9858122 7951674 9858122 5848361 5848361 5848361 7951674 7951674 5848361 7951674 7951674 7951674 12158300
12158300 7951674 7951674 7951674 8882055 7951674 7951674 12158300 12158300 7951674 12158300 12158300 7951674 9858122 7951674 9858122
7951674 7951674 12158300 12158300 9858122 9858122 7951674 7951674 9858122 5848361 9858122 9858122 7951674 7951674 9858122 9858122
9858122 7951674 7951674 9858122 7951674 9858122 7951674 5848361 7951674 9858122 9858122 7951674 7951674 7951674 5848361 7951674
7951674 9858122 5848361 7951674 7951674 5848361 5848361 7951674 7951674 7951674 7951674 7951674 12158300 12158300 7951674 9858122
7951674 9858122 7951674 12158300 12158300 7951674 12158300 9858122 5848361 12158300 12158300 5848361 9858122 9858122 8882055 7951674
9858122 7951674 7951674 9858122 9858122 12158300 7951674 9858122 7105644 9858122 9858122 7951674 5848361 9858122 7951674 5848361
7951674 5848361 9858122 7951674 9858122 9858122 12158300 7951674 7951674 7951674 7951674 7951674 7951674 7951674 12158300 12158300
7951674 9858122 7951674 7951674 7624772 7951674 9858122 9858122 7951674 5848361 12158300 5848361 7951674 12158300 9858122 9858122
9858122 7951674 5848361 12158300 7951674 5848361 7951674 5848361 12158300 12158300 7951674 9858122 7951674 7951674 9858122 9858122
9858122 7951674 12158300 9858122 9858122 7951674 8882055 7951674 9858122 9858122 7951674 7951674 9858122 9858122 7951674 5848361

5805109 7652166 5739317 5211696 5211696 5607219 4947757 5475378 6200889 5871158 5409329 5277488 5343537 6530876 4354088 5541170
5805365 5475378 6266937 5936950 6002999 5013550 6002999 5079598 4947757 6596924 6465083 5739317 7652166 5475378 5277488 5409586
6398778 5541170 4881709 5145647 5343537 5343281 5607475 5607475 5805109 6201145 6596668 6794558 5277488 4618026 5013550 7124545
4617770 5211439 5409329 5936950 5673268 6002999 4881709 5739060 4947757 5145391 5541170 5936950 5607219 5409586 6530876 4881709
6332986 5145391 6794558 5145391 6728766 6794814 5343281 6728766 7256643 4551978 5013550 6530876 6662973 4947501 5343281 5541170
6002999 5937206 4683819 6465083 5013806 5871158 5805365 6069047 5277488 5805365 5343281 5145391 4683819 5343281 5541427 5805109
4947501 6069304 6464827 5607475 5739060 5145391 5409329 4947757 5145647 5277488 7058753 6728766 5673268 6530876 5936950 5607219
5607219 5277488 6135096 5409586 5607475 4815916 6399035 5145647 5936950 6794558 5277488 5013806 5607219 6266937 4947757 6596924
6530876 6069047 7124545 6662717 6728766 5013806 6794558 6069304 6992704 6662717 5079598 5739060 5211439 5739317 6200889 4947501
5936950 5079598 7190338 5541170 5475378 5937206 6662717 5013550 5277488 5673268 5739060 6596924 5541427 6992704 5607219 5013806
6069047 6200889 5936950 6464827 5079598 7124545 5541427 5739317 7520325 4749611 6530876 5145391 5607219 5343281 5936950 5607219
5145647 6794558 5211696 6398778 5936950 5145647 5739060 5343537 5936950 5739060 5475378 4815660 6992704 4947757 4881709 5409329
7256643 5936950 5013806 5409329 6002999 5673268 5211439 4749868 5409329 5673268 5409329 4881709 6201145 6464827 4749611 5936950
5013806 6596668 4617770 5739060 4881709 6002999 5013806 7652166 6267194 5739317 6596668 6069047 6266937 5343281 6596668 6794814
6398778 6267194 7520325 4815660 6992704 6662973 5805109 5739317 4947501 5805365 5805365 5277488 6596924 6135096 5409586 4749611
5211439 5871158 5343281 5343537 6399035 5937206 5805109 5739317 5541427 7454532 4815916 6596924 5145647 5607475 5343281 6200889
