9858122 9858122 7951674 7951674 9858122 7951674 7951674 9858122 7951674 12158300 7951674 9858122 5848361 9288797 7714123 7648330
7951674 7951674 9858122 5848361 7951674 9858122 9858122 7951674 7951674 7951674 5848361 7951674 7105644 5848361 7121986 7779916
12158300 5848361 7951674 9858122 7951674 7951674 5848361 7951674 12158300 7951674 9858122 9858122 5848361 10275692 9091418 7582537
9858122 12158300 7951674 7951674 9858122 12158300 7951674 9858122 12158300 7951674 9858122 12158300 5848361 6595642 8499281 6727228
9858122 7951674 7624772 9858122 9858122 12158300 7951674 7951674 9858122 8882055 7951674 5848361 7450951 6924607 8630867 6727228
7951674 5848361 7951674 9858122 12158300 7951674 5848361 9858122 9858122 7951674 9858122 9858122 5848361 5848361 5848361 7319365
8882055 7951674 9858122 12158300 7951674 12158300 5848361 7951674 7951674 7951674 5848361 7951674 5848361 7385158 6858814 6266677
7951674 5848361 9858122 7951674 9858122 9858122 7951674 5848361 7951674 12158300 5848361 7951674 5848361 5848361 6464056 7121986
9858122 12158300 7951674 7951674 7105644 5848361 7951674 7951674 9858122 12158300 5848361 5848361 6266677 7648330 6266677 8306260
9858122 12158300 5848361 7951674 9858122 12158300 7951674 9858122 5848361 7951674 7951674 5848361 5848361 8372053 9683555 7779916
7951674 7951674 12158300 7951674 9858122 12158300 7951674 9858122 9858122 12158300 7951674 5848361 7187779 9617762 9486176 6990400
7951674 9858122 5848361 7951674 7951674 5848361 7951674 7951674 9858122 12158300 5848361 7105644 5848361 9946727 7582537 6793021
9858122 7951674 7951674 7951674 5848361 9858122 12158300 7951674 7951674 7951674 7951674 7951674 7951674 5848361 6398263 6924607
9858122 7951674 12158300 7951674 9858122 9858122 12158300 7951674 7951674 9858122 7951674 9858122 5848361 5740333 7121986 6398263
7951674 9858122 9858122 12158300 7951674 8882055 7951674 5848361 9858122 7951674 7951674 5848361 5848361 6332470 6793021 5279782
5848361 9858122 9858122 12158300 5848361 7951674 9858122 7951674 9858122 9858122 12158300 7951674 7951674 5848361 7056193 7187779
