16711680 16711680 16711680 16711680 16711680 16711680 16711680 16711680 16711680 16711680 16711680 16711680 16711680 16711680 16711680 16711680 
16711680 16711680 16711680 16711680 16711680 16711680 16711680 16711680 16711680 16711680 16711680 16711680 16711680 16711680 16711680 16711680 
16711680 16711680 16711680 16711680 16711680 16711680 16711680 16711680 16711680 16711680 16711680 16711680 16711680 16711680 16711680 16711680 
16711680 16711680 16711680 16711680 16711680 16711680 16711680 16711680 16711680 16711680 16711680 16711680 16711680 16711680 16711680 16711680 
16711680 16711680 16711680 16711680 16711680 16711680 16711680 16711680 16711680 16711680 16711680 16711680 16711680 16711680 16711680 16711680 
16711680 16711680 16711680 16711680 16711680 16711680 16711680 16711680 16711680 16711680 16711680 16711680 16711680 16711680 16711680 16711680 
16711680 16711680 16711680 16711680 16711680 16711680 16711680 16711680 16711680 16711680 16711680 16711680 16711680 16711680 16711680 16711680 
16711680 16711680 16711680 16711680 16711680 16711680 16711680 16711680 16711680 16711680 16711680 16711680 16711680 16711680 16711680 16711680 
16711680 16711680 16711680 16711680 16711680 16711680 16711680 16711680 16711680 16711680 16711680 16711680 16711680 16711680 16711680 16711680 
16711680 16711680 16711680 16711680 16711680 16711680 16711680 16711680 16711680 16711680 16711680 16711680 16711680 16711680 16711680 16711680 
16711680 16711680 16711680 16711680 16711680 16711680 16711680 16711680 16711680 16711680 16711680 16711680 16711680 16711680 16711680 16711680 
16711680 16711680 16711680 16711680 16711680 16711680 16711680 16711680 16711680 16711680 16711680 16711680 16711680 16711680 16711680 16711680 
16711680 16711680 16711680 16711680 16711680 16711680 16711680 16711680 16711680 16711680 16711680 16711680 16711680 16711680 16711680 16711680 
16711680 16711680 16711680 16711680 16711680 16711680 16711680 16711680 16711680 16711680 16711680 16711680 16711680 16711680 16711680 16711680 
16711680 16711680 16711680 16711680 16711680 16711680 16711680 16711680 16711680 16711680 16711680 16711680 16711680 16711680 16711680 16711680 
16711680 16711680 16711680 16711680 16711680 16711680 16711680 16711680 16711680 16711680 16711680 16711680 16711680 16711680 16711680 16711680 

16711680 16711680 16711680 16711680 16711680 16711680 16711680 16711680 16711680 16711680 16711680 16711680 16711680 16711680 16711680 16711680 
16711680 16711680 16711680 16711680 16711680 16711680 16711680 16711680 16711680 16711680 16711680 16711680 16711680 16711680 16711680 16711680 
16711680 16711680 16711680 16711680 16711680 16711680 16711680 16711680 16711680 16711680 16711680 16711680 16711680 16711680 16711680 16711680 
16711680 16711680 16711680 16711680 16711680 16711680 16711680 16711680 16711680 16711680 16711680 16711680 16711680 16711680 16711680 16711680 
16711680 16711680 16711680 16711680 16711680 16711680 16711680 16711680 16711680 16711680 16711680 16711680 16711680 16711680 16711680 16711680 
16711680 16711680 16711680 16711680 16711680 16711680 16711680 16711680 16711680 16711680 16711680 16711680 16711680 16711680 16711680 16711680 
16711680 16711680 16711680 16711680 16711680 16711680 16711680 16711680 16711680 16711680 16711680 16711680 16711680 16711680 16711680 16711680 
16711680 16711680 16711680 16711680 16711680 16711680 16711680 16711680 16711680 16711680 16711680 16711680 16711680 16711680 16711680 16711680 
16711680 16711680 16711680 16711680 16711680 16711680 16711680 16711680 16711680 16711680 16711680 16711680 16711680 16711680 16711680 16711680 
16711680 16711680 16711680 16711680 16711680 16711680 16711680 16711680 16711680 16711680 16711680 16711680 16711680 16711680 16711680 16711680 
16711680 16711680 16711680 16711680 16711680 16711680 16711680 16711680 16711680 16711680 16711680 16711680 16711680 16711680 16711680 16711680 
16711680 16711680 16711680 16711680 16711680 16711680 16711680 16711680 16711680 16711680 16711680 16711680 16711680 16711680 16711680 16711680 
16711680 16711680 16711680 16711680 16711680 16711680 16711680 16711680 16711680 16711680 16711680 16711680 16711680 16711680 16711680 16711680 
16711680 16711680 16711680 16711680 16711680 16711680 16711680 16711680 16711680 16711680 16711680 16711680 16711680 16711680 16711680 16711680 
16711680 16711680 16711680 16711680 16711680 16711680 16711680 16711680 16711680 16711680 16711680 16711680 16711680 16711680 16711680 16711680 
16711680 16711680 16711680 16711680 16711680 16711680 16711680 16711680 16711680 16711680 16711680 16711680 16711680 16711680 16711680 16711680 

65280 65280 65280 65280 65280 65280 65280 65280 65280 65280 65280 65280 65280 65280 65280 65280 
65280 65280 65280 65280 65280 65280 65280 65280 65280 65280 65280 65280 65280 65280 65280 65280 
65280 65280 65280 65280 65280 65280 65280 65280 65280 65280 65280 65280 65280 65280 65280 65280 
65280 65280 65280 65280 65280 65280 65280 65280 65280 65280 65280 65280 65280 65280 65280 65280 
65280 65280 65280 65280 65280 65280 65280 65280 65280 65280 65280 65280 65280 65280 65280 65280 
65280 65280 65280 65280 65280 65280 65280 65280 65280 65280 65280 65280 65280 65280 65280 65280 
65280 65280 65280 65280 65280 65280 65280 65280 65280 65280 65280 65280 65280 65280 65280 65280 
65280 65280 65280 65280 65280 65280 65280 65280 65280 65280 65280 65280 65280 65280 65280 65280 
65280 65280 65280 65280 65280 65280 65280 65280 65280 65280 65280 65280 65280 65280 65280 65280 
65280 65280 65280 65280 65280 65280 65280 65280 65280 65280 65280 65280 65280 65280 65280 65280 
65280 65280 65280 65280 65280 65280 65280 65280 65280 65280 65280 65280 65280 65280 65280 65280 
65280 65280 65280 65280 65280 65280 65280 65280 65280 65280 65280 65280 65280 65280 65280 65280 
65280 65280 65280 65280 65280 65280 65280 65280 65280 65280 65280 65280 65280 65280 65280 65280 
65280 65280 65280 65280 65280 65280 65280 65280 65280 65280 65280 65280 65280 65280 65280 65280 
65280 65280 65280 65280 65280 65280 65280 65280 65280 65280 65280 65280 65280 65280 65280 65280 
65280 65280 65280 65280 65280 65280 65280 65280 65280 65280 65280 65280 65280 65280 65280 65280 

65280 65280 65280 65280 65280 65280 65280 65280 65280 65280 65280 65280 65280 65280 65280 65280 
65280 65280 65280 65280 65280 65280 65280 65280 65280 65280 65280 65280 65280 65280 65280 65280 
65280 65280 65280 65280 65280 65280 65280 65280 65280 65280 65280 65280 65280 65280 65280 65280 
65280 65280 65280 65280 65280 65280 65280 65280 65280 65280 65280 65280 65280 65280 65280 65280 
65280 65280 65280 65280 65280 65280 65280 65280 65280 65280 65280 65280 65280 65280 65280 65280 
65280 65280 65280 65280 65280 65280 65280 65280 65280 65280 65280 65280 65280 65280 65280 65280 
65280 65280 65280 65280 65280 65280 65280 65280 65280 65280 65280 65280 65280 65280 65280 65280 
65280 65280 65280 65280 65280 65280 65280 65280 65280 65280 65280 65280 65280 65280 65280 65280 
65280 65280 65280 65280 65280 65280 65280 65280 65280 65280 65280 65280 65280 65280 65280 65280 
65280 65280 65280 65280 65280 65280 65280 65280 65280 65280 65280 65280 65280 65280 65280 65280 
65280 65280 65280 65280 65280 65280 65280 65280 65280 65280 65280 65280 65280 65280 65280 65280 
65280 65280 65280 65280 65280 65280 65280 65280 65280 65280 65280 65280 65280 65280 65280 65280 
65280 65280 65280 65280 65280 65280 65280 65280 65280 65280 65280 65280 65280 65280 65280 65280 
65280 65280 65280 65280 65280 65280 65280 65280 65280 65280 65280 65280 65280 65280 65280 65280 
65280 65280 65280 65280 65280 65280 65280 65280 65280 65280 65280 65280 65280 65280 65280 65280 
65280 65280 65280 65280 65280 65280 65280 65280 65280 65280 65280 65280 65280 65280 65280 65280 

255 255 255 255 255 255 255 255 255 255 255 255 255 255 255 255 
255 255 255 255 255 255 255 255 255 255 255 255 255 255 255 255 
255 255 255 255 255 255 255 255 255 255 255 255 255 255 255 255 
255 255 255 255 255 255 255 255 255 255 255 255 255 255 255 255 
255 255 255 255 255 255 255 255 255 255 255 255 255 255 255 255 
255 255 255 255 255 255 255 255 255 255 255 255 255 255 255 255 
255 255 255 255 255 255 255 255 255 255 255 255 255 255 255 255 
255 255 255 255 255 255 255 255 255 255 255 255 255 255 255 255 
255 255 255 255 255 255 255 255 255 255 255 255 255 255 255 255 
255 255 255 255 255 255 255 255 255 255 255 255 255 255 255 255 
255 255 255 255 255 255 255 255 255 255 255 255 255 255 255 255 
255 255 255 255 255 255 255 255 255 255 255 255 255 255 255 255 
255 255 255 255 255 255 255 255 255 255 255 255 255 255 255 255 
255 255 255 255 255 255 255 255 255 255 255 255 255 255 255 255 
255 255 255 255 255 255 255 255 255 255 255 255 255 255 255 255 
255 255 255 255 255 255 255 255 255 255 255 255 255 255 255 255 

255 255 255 255 255 255 255 255 255 255 255 255 255 255 255 255 
255 255 255 255 255 255 255 255 255 255 255 255 255 255 255 255 
255 255 255 255 255 255 255 255 255 255 255 255 255 255 255 255 
255 255 255 255 255 255 255 255 255 255 255 255 255 255 255 255 
255 255 255 255 255 255 255 255 255 255 255 255 255 255 255 255 
255 255 255 255 255 255 255 255 255 255 255 255 255 255 255 255 
255 255 255 255 255 255 255 255 255 255 255 255 255 255 255 255 
255 255 255 255 255 255 255 255 255 255 255 255 255 255 255 255 
255 255 255 255 255 255 255 255 255 255 255 255 255 255 255 255 
255 255 255 255 255 255 255 255 255 255 255 255 255 255 255 255 
255 255 255 255 255 255 255 255 255 255 255 255 255 255 255 255 
255 255 255 255 255 255 255 255 255 255 255 255 255 255 255 255 
255 255 255 255 255 255 255 255 255 255 255 255 255 255 255 255 
255 255 255 255 255 255 255 255 255 255 255 255 255 255 255 255 
255 255 255 255 255 255 255 255 255 255 255 255 255 255 255 255 
255 255 255 255 255 255 255 255 255 255 255 255 255 255 255 255 
