0







1

0.5 0.5 0.5

0.1









6

0.5 0.5 0.5

0.4

0.5773502691896258 0.5773502691896258 0.5773502691896258
0.5773502691896258 0.5773502691896258 -0.5773502691896258
0.5773502691896258 -0.5773502691896258 -0.5773502691896258
0.5773502691896258 -0.5773502691896258 0.5773502691896258

255 255 255 255 255 255 255 255 255 255 255 255 255 255 255 255
255 255 255 255 255 255 255 255 255 255 255 255 255 255 255 255
255 255 255 255 255 255 255 255 255 255 255 255 255 255 255 255
255 255 255 255 255 255 255 255 255 255 255 255 255 255 255 255
255 255 255 255 255 255 255 255 255 255 255 255 255 255 255 255
255 255 255 255 255 255 255 255 255 255 255 255 255 255 255 255
255 255 255 255 255 255 255 255 255 255 255 255 255 255 255 255
255 255 255 255 255 255 255 255 255 255 255 255 255 255 255 255
255 255 255 255 255 255 255 255 255 255 255 255 255 255 255 255
255 255 255 255 255 255 255 255 255 255 255 255 255 255 255 255
255 255 255 255 255 255 255 255 255 255 255 255 255 255 255 255
255 255 255 255 255 255 255 255 255 255 255 255 255 255 255 255
255 255 255 255 255 255 255 255 255 255 255 255 255 255 255 255
255 255 255 255 255 255 255 255 255 255 255 255 255 255 255 255
255 255 255 255 255 255 255 255 255 255 255 255 255 255 255 255
255 255 255 255 255 255 255 255 255 255 255 255 255 255 255 255

0.5 0.5 0.5

0.4

-0.5773502691896258 0.5773502691896258 0.5773502691896258
-0.5773502691896258 0.5773502691896258 -0.5773502691896258
-0.5773502691896258 -0.5773502691896258 -0.5773502691896258
-0.5773502691896258 -0.5773502691896258 0.5773502691896258

65280 65280 65280 65280 65280 65280 65280 65280 65280 65280 65280 65280 65280 65280 65280 65280 
65280 65280 65280 65280 65280 65280 65280 65280 65280 65280 65280 65280 65280 65280 65280 65280 
65280 65280 65280 65280 65280 65280 65280 65280 65280 65280 65280 65280 65280 65280 65280 65280 
65280 65280 65280 65280 65280 65280 65280 65280 65280 65280 65280 65280 65280 65280 65280 65280 
65280 65280 65280 65280 65280 65280 65280 65280 65280 65280 65280 65280 65280 65280 65280 65280 
65280 65280 65280 65280 65280 65280 65280 65280 65280 65280 65280 65280 65280 65280 65280 65280 
65280 65280 65280 65280 65280 65280 65280 65280 65280 65280 65280 65280 65280 65280 65280 65280 
65280 65280 65280 65280 65280 65280 65280 65280 65280 65280 65280 65280 65280 65280 65280 65280 
65280 65280 65280 65280 65280 65280 65280 65280 65280 65280 65280 65280 65280 65280 65280 65280 
65280 65280 65280 65280 65280 65280 65280 65280 65280 65280 65280 65280 65280 65280 65280 65280 
65280 65280 65280 65280 65280 65280 65280 65280 65280 65280 65280 65280 65280 65280 65280 65280 
65280 65280 65280 65280 65280 65280 65280 65280 65280 65280 65280 65280 65280 65280 65280 65280 
65280 65280 65280 65280 65280 65280 65280 65280 65280 65280 65280 65280 65280 65280 65280 65280 
65280 65280 65280 65280 65280 65280 65280 65280 65280 65280 65280 65280 65280 65280 65280 65280 
65280 65280 65280 65280 65280 65280 65280 65280 65280 65280 65280 65280 65280 65280 65280 65280 
65280 65280 65280 65280 65280 65280 65280 65280 65280 65280 65280 65280 65280 65280 65280 65280 

0.5 0.5 0.5

0.4

0.5773502691896258 0.5773502691896258 0.5773502691896258
-0.5773502691896258 0.5773502691896258 0.5773502691896258
-0.5773502691896258 0.5773502691896258 -0.5773502691896258
0.5773502691896258 0.5773502691896258 -0.5773502691896258

16711680 16711680 16711680 16711680 16711680 16711680 16711680 16711680 16711680 16711680 16711680 16711680 16711680 16711680 16711680 16711680 
16711680 16711680 16711680 16711680 16711680 16711680 16711680 16711680 16711680 16711680 16711680 16711680 16711680 16711680 16711680 16711680 
16711680 16711680 16711680 16711680 16711680 16711680 16711680 16711680 16711680 16711680 16711680 16711680 16711680 16711680 16711680 16711680 
16711680 16711680 16711680 16711680 16711680 16711680 16711680 16711680 16711680 16711680 16711680 16711680 16711680 16711680 16711680 16711680 
16711680 16711680 16711680 16711680 16711680 16711680 16711680 16711680 16711680 16711680 16711680 16711680 16711680 16711680 16711680 16711680 
16711680 16711680 16711680 16711680 16711680 16711680 16711680 16711680 16711680 16711680 16711680 16711680 16711680 16711680 16711680 16711680 
16711680 16711680 16711680 16711680 16711680 16711680 16711680 16711680 16711680 16711680 16711680 16711680 16711680 16711680 16711680 16711680 
16711680 16711680 16711680 16711680 16711680 16711680 16711680 16711680 16711680 16711680 16711680 16711680 16711680 16711680 16711680 16711680 
16711680 16711680 16711680 16711680 16711680 16711680 16711680 16711680 16711680 16711680 16711680 16711680 16711680 16711680 16711680 16711680 
16711680 16711680 16711680 16711680 16711680 16711680 16711680 16711680 16711680 16711680 16711680 16711680 16711680 16711680 16711680 16711680 
16711680 16711680 16711680 16711680 16711680 16711680 16711680 16711680 16711680 16711680 16711680 16711680 16711680 16711680 16711680 16711680 
16711680 16711680 16711680 16711680 16711680 16711680 16711680 16711680 16711680 16711680 16711680 16711680 16711680 16711680 16711680 16711680 
16711680 16711680 16711680 16711680 16711680 16711680 16711680 16711680 16711680 16711680 16711680 16711680 16711680 16711680 16711680 16711680 
16711680 16711680 16711680 16711680 16711680 16711680 16711680 16711680 16711680 16711680 16711680 16711680 16711680 16711680 16711680 16711680 
16711680 16711680 16711680 16711680 16711680 16711680 16711680 16711680 16711680 16711680 16711680 16711680 16711680 16711680 16711680 16711680 
16711680 16711680 16711680 16711680 16711680 16711680 16711680 16711680 16711680 16711680 16711680 16711680 16711680 16711680 16711680 16711680 


0.5 0.5 0.5

0.4

0.5773502691896258 -0.5773502691896258 0.5773502691896258
-0.5773502691896258 -0.5773502691896258 0.5773502691896258
-0.5773502691896258 -0.5773502691896258 -0.5773502691896258
0.5773502691896258 -0.5773502691896258 -0.5773502691896258

65535 65535 65535 65535 65535 65535 65535 65535 65535 65535 65535 65535 65535 65535 65535 65535 
65535 65535 65535 65535 65535 65535 65535 65535 65535 65535 65535 65535 65535 65535 65535 65535 
65535 65535 65535 65535 65535 65535 65535 65535 65535 65535 65535 65535 65535 65535 65535 65535 
65535 65535 65535 65535 65535 65535 65535 65535 65535 65535 65535 65535 65535 65535 65535 65535 
65535 65535 65535 65535 65535 65535 65535 65535 65535 65535 65535 65535 65535 65535 65535 65535 
65535 65535 65535 65535 65535 65535 65535 65535 65535 65535 65535 65535 65535 65535 65535 65535 
65535 65535 65535 65535 65535 65535 65535 65535 65535 65535 65535 65535 65535 65535 65535 65535 
65535 65535 65535 65535 65535 65535 65535 65535 65535 65535 65535 65535 65535 65535 65535 65535 
65535 65535 65535 65535 65535 65535 65535 65535 65535 65535 65535 65535 65535 65535 65535 65535 
65535 65535 65535 65535 65535 65535 65535 65535 65535 65535 65535 65535 65535 65535 65535 65535 
65535 65535 65535 65535 65535 65535 65535 65535 65535 65535 65535 65535 65535 65535 65535 65535 
65535 65535 65535 65535 65535 65535 65535 65535 65535 65535 65535 65535 65535 65535 65535 65535 
65535 65535 65535 65535 65535 65535 65535 65535 65535 65535 65535 65535 65535 65535 65535 65535 
65535 65535 65535 65535 65535 65535 65535 65535 65535 65535 65535 65535 65535 65535 65535 65535 
65535 65535 65535 65535 65535 65535 65535 65535 65535 65535 65535 65535 65535 65535 65535 65535 
65535 65535 65535 65535 65535 65535 65535 65535 65535 65535 65535 65535 65535 65535 65535 65535 


0.5 0.5 0.5

0.4

0.5773502691896258 0.5773502691896258 0.5773502691896258
0.5773502691896258 -0.5773502691896258 0.5773502691896258
-0.5773502691896258 -0.5773502691896258 0.5773502691896258
-0.5773502691896258 0.5773502691896258 0.5773502691896258

16711935 16711935 16711935 16711935 16711935 16711935 16711935 16711935 16711935 16711935 16711935 16711935 16711935 16711935 16711935 16711935 
16711935 16711935 16711935 16711935 16711935 16711935 16711935 16711935 16711935 16711935 16711935 16711935 16711935 16711935 16711935 16711935 
16711935 16711935 16711935 16711935 16711935 16711935 16711935 16711935 16711935 16711935 16711935 16711935 16711935 16711935 16711935 16711935 
16711935 16711935 16711935 16711935 16711935 16711935 16711935 16711935 16711935 16711935 16711935 16711935 16711935 16711935 16711935 16711935 
16711935 16711935 16711935 16711935 16711935 16711935 16711935 16711935 16711935 16711935 16711935 16711935 16711935 16711935 16711935 16711935 
16711935 16711935 16711935 16711935 16711935 16711935 16711935 16711935 16711935 16711935 16711935 16711935 16711935 16711935 16711935 16711935 
16711935 16711935 16711935 16711935 16711935 16711935 16711935 16711935 16711935 16711935 16711935 16711935 16711935 16711935 16711935 16711935 
16711935 16711935 16711935 16711935 16711935 16711935 16711935 16711935 16711935 16711935 16711935 16711935 16711935 16711935 16711935 16711935 
16711935 16711935 16711935 16711935 16711935 16711935 16711935 16711935 16711935 16711935 16711935 16711935 16711935 16711935 16711935 16711935 
16711935 16711935 16711935 16711935 16711935 16711935 16711935 16711935 16711935 16711935 16711935 16711935 16711935 16711935 16711935 16711935 
16711935 16711935 16711935 16711935 16711935 16711935 16711935 16711935 16711935 16711935 16711935 16711935 16711935 16711935 16711935 16711935 
16711935 16711935 16711935 16711935 16711935 16711935 16711935 16711935 16711935 16711935 16711935 16711935 16711935 16711935 16711935 16711935 
16711935 16711935 16711935 16711935 16711935 16711935 16711935 16711935 16711935 16711935 16711935 16711935 16711935 16711935 16711935 16711935 
16711935 16711935 16711935 16711935 16711935 16711935 16711935 16711935 16711935 16711935 16711935 16711935 16711935 16711935 16711935 16711935 
16711935 16711935 16711935 16711935 16711935 16711935 16711935 16711935 16711935 16711935 16711935 16711935 16711935 16711935 16711935 16711935 
16711935 16711935 16711935 16711935 16711935 16711935 16711935 16711935 16711935 16711935 16711935 16711935 16711935 16711935 16711935 16711935 


0.5 0.5 0.5

0.4

0.5773502691896258 0.5773502691896258 -0.5773502691896258
0.5773502691896258 -0.5773502691896258 -0.5773502691896258
-0.5773502691896258 -0.5773502691896258 -0.5773502691896258
-0.5773502691896258 0.5773502691896258 -0.5773502691896258

16776960 16776960 16776960 16776960 16776960 16776960 16776960 16776960 16776960 16776960 16776960 16776960 16776960 16776960 16776960 16776960 
16776960 16776960 16776960 16776960 16776960 16776960 16776960 16776960 16776960 16776960 16776960 16776960 16776960 16776960 16776960 16776960 
16776960 16776960 16776960 16776960 16776960 16776960 16776960 16776960 16776960 16776960 16776960 16776960 16776960 16776960 16776960 16776960 
16776960 16776960 16776960 16776960 16776960 16776960 16776960 16776960 16776960 16776960 16776960 16776960 16776960 16776960 16776960 16776960 
16776960 16776960 16776960 16776960 16776960 16776960 16776960 16776960 16776960 16776960 16776960 16776960 16776960 16776960 16776960 16776960 
16776960 16776960 16776960 16776960 16776960 16776960 16776960 16776960 16776960 16776960 16776960 16776960 16776960 16776960 16776960 16776960 
16776960 16776960 16776960 16776960 16776960 16776960 16776960 16776960 16776960 16776960 16776960 16776960 16776960 16776960 16776960 16776960 
16776960 16776960 16776960 16776960 16776960 16776960 16776960 16776960 16776960 16776960 16776960 16776960 16776960 16776960 16776960 16776960 
16776960 16776960 16776960 16776960 16776960 16776960 16776960 16776960 16776960 16776960 16776960 16776960 16776960 16776960 16776960 16776960 
16776960 16776960 16776960 16776960 16776960 16776960 16776960 16776960 16776960 16776960 16776960 16776960 16776960 16776960 16776960 16776960 
16776960 16776960 16776960 16776960 16776960 16776960 16776960 16776960 16776960 16776960 16776960 16776960 16776960 16776960 16776960 16776960 
16776960 16776960 16776960 16776960 16776960 16776960 16776960 16776960 16776960 16776960 16776960 16776960 16776960 16776960 16776960 16776960 
16776960 16776960 16776960 16776960 16776960 16776960 16776960 16776960 16776960 16776960 16776960 16776960 16776960 16776960 16776960 16776960 
16776960 16776960 16776960 16776960 16776960 16776960 16776960 16776960 16776960 16776960 16776960 16776960 16776960 16776960 16776960 16776960 
16776960 16776960 16776960 16776960 16776960 16776960 16776960 16776960 16776960 16776960 16776960 16776960 16776960 16776960 16776960 16776960 
16776960 16776960 16776960 16776960 16776960 16776960 16776960 16776960 16776960 16776960 16776960 16776960 16776960 16776960 16776960 16776960 













////

1


0 0 0.5
1 0 0.5
1 1 0.5
0 1 0.5

16777215 16777215 16777215 16777215 16777215 16777215 16777215 16777215 16777215 16777215 16777215 16777215 16777215 16777215 16777215 16777215 
16777215 16777215 16777215 16777215 16777215 16777215 16777215 16777215 16777215 16777215 16777215 16777215 16777215 16777215 16777215 16777215 
16777215 16777215 16777215 16777215 16777215 16777215 16777215 16777215 16777215 16777215 16777215 16777215 16777215 16777215 16777215 16777215 
16777215 16777215 16777215 16777215 16777215 16777215 16777215 16777215 16777215 16777215 16777215 16777215 16777215 16777215 16777215 16777215 
16777215 16777215 16777215 16777215 16777215 16777215 16777215 16777215 16777215 16777215 16777215 16777215 16777215 16777215 16777215 16777215 
16777215 16777215 16777215 16777215 16777215 16777215 16777215 16777215 16777215 16777215 16777215 16777215 16777215 16777215 16777215 16777215 
16777215 16777215 16777215 16777215 16777215 16777215 16777215 16777215 16777215 16777215 16777215 16777215 16777215 16777215 16777215 16777215 
16777215 16777215 16777215 16777215 16777215 16777215 16777215 16777215 16777215 16777215 16777215 16777215 16777215 16777215 16777215 16777215 
16777215 16777215 16777215 16777215 16777215 16777215 16777215 16777215 16777215 16777215 16777215 16777215 16777215 16777215 16777215 16777215 
16777215 16777215 16777215 16777215 16777215 16777215 16777215 16777215 16777215 16777215 16777215 16777215 16777215 16777215 16777215 16777215 
16777215 16777215 16777215 16777215 16777215 16777215 16777215 16777215 16777215 16777215 16777215 16777215 16777215 16777215 16777215 16777215 
16777215 16777215 16777215 16777215 16777215 16777215 16777215 16777215 16777215 16777215 16777215 16777215 16777215 16777215 16777215 16777215 
16777215 16777215 16777215 16777215 16777215 16777215 16777215 16777215 16777215 16777215 16777215 16777215 16777215 16777215 16777215 16777215 
16777215 16777215 16777215 16777215 16777215 16777215 16777215 16777215 16777215 16777215 16777215 16777215 16777215 16777215 16777215 16777215 
16777215 16777215 16777215 16777215 16777215 16777215 16777215 16777215 16777215 16777215 16777215 16777215 16777215 16777215 16777215 16777215 
16777215 16777215 16777215 16777215 16777215 16777215 16777215 16777215 16777215 16777215 16777215 16777215 16777215 16777215 16777215 16777215 
