9408399 9408399 9408399 9408399 8355711 7631988 7631988 8355711 7631988 6842472 7631988 7631988 8355711 8355711 8355711 8355711
8355711 8355711 7631988 8355711 7631988 8355711 8355711 8355711 8355711 8355711 8355711 6842472 6842472 7631988 8355711 7631988
8355711 7631988 6842472 6842472 7631988 7631988 7631988 6842472 7631988 7631988 7631988 8355711 8355711 8355711 8355711 8355711
8355711 8355711 9408399 9408399 8355711 9408399 8355711 8355711 9408399 9408399 8355711 8355711 8355711 7631988 7631988 7631988
7631988 8355711 8355711 7631988 7631988 7631988 8355711 7631988 8355711 9408399 9408399 9408399 9408399 7631988 8355711 8355711
8355711 9408399 8355711 8355711 8355711 8355711 8355711 8355711 8355711 7631988 7631988 6842472 7631988 6842472 7631988 9408399
7631988 8355711 8355711 9408399 9408399 9408399 7631988 9408399 9408399 7631988 7631988 7631988 8355711 8355711 8355711 8355711
7631988 7631988 6842472 6842472 7631988 6842472 7631988 7631988 8355711 8355711 7631988 7631988 7631988 8355711 8355711 8355711
9408399 9408399 9408399 8355711 9408399 8355711 8355711 9408399 9408399 9408399 8355711 8355711 8355711 8355711 8355711 7631988
8355711 8355711 9408399 8355711 8355711 8355711 9408399 9408399 9408399 8355711 8355711 9408399 9408399 9408399 9408399 8355711
6842472 8355711 7631988 8355711 7631988 7631988 6842472 6842472 7631988 8355711 7631988 8355711 8355711 7631988 7631988 7631988
8355711 8355711 8355711 8355711 8355711 9408399 9408399 8355711 8355711 8355711 8355711 8355711 9408399 9408399 8355711 9408399
8355711 7631988 7631988 7631988 8355711 9408399 8355711 7631988 7631988 8355711 8355711 6842472 6842472 7631988 6842472 7631988
9408399 9408399 8355711 7631988 7631988 8355711 8355711 7631988 7631988 7631988 8355711 8355711 7631988 7631988 7631988 9408399
8355711 7631988 7631988 8355711 8355711 8355711 8355711 8355711 8355711 8355711 8355711 8355711 9408399 9408399 9408399 9408399
8355711 8355711 8355711 8355711 8355711 8355711 7631988 7631988 8355711 9408399 9408399 8355711 8355711 7631988 8355711 8355711
