15649792 15649792 15649792 0 0 0 0 15649792 15649792 15649792 15649792 0 0 0 0 15649792 
15649792 15649792 0 0 0 0 15649792 15649792 15649792 15649792 0 0 0 0 15649792 15649792 
15649792 0 0 0 0 15649792 15649792 15649792 15649792 0 0 0 0 15649792 15649792 15649792 
0 0 0 0 15649792 15649792 15649792 15649792 0 0 0 0 15649792 15649792 15649792 15649792 
0 0 0 15649792 15649792 15649792 15649792 0 0 0 0 15649792 15649792 15649792 15649792 0 
0 0 15649792 15649792 15649792 15649792 0 0 0 0 15649792 15649792 15649792 15649792 0 0 
0 15649792 15649792 15649792 15649792 0 0 0 0 15649792 15649792 15649792 15649792 0 0 0 
15649792 15649792 15649792 15649792 0 0 0 0 15649792 15649792 15649792 15649792 0 0 0 0 
15649792 15649792 15649792 0 0 0 0 15649792 15649792 15649792 15649792 0 0 0 0 15649792 
15649792 15649792 0 0 0 0 15649792 15649792 15649792 15649792 0 0 0 0 15649792 15649792 
15649792 0 0 0 0 15649792 15649792 15649792 15649792 0 0 0 0 15649792 15649792 15649792 
0 0 0 0 15649792 15649792 15649792 15649792 0 0 0 0 15649792 15649792 15649792 15649792 
0 0 0 15649792 15649792 15649792 15649792 0 0 0 0 15649792 15649792 15649792 15649792 0 
0 0 15649792 15649792 15649792 15649792 0 0 0 0 15649792 15649792 15649792 15649792 0 0 
0 15649792 15649792 15649792 15649792 0 0 0 0 15649792 15649792 15649792 15649792 0 0 0 
15649792 15649792 15649792 15649792 0 0 0 0 15649792 15649792 15649792 15649792 0 0 0 0 

15649792 15649792 15649792 0 0 0 0 15649792 15649792 15649792 15649792 0 0 0 0 15649792 
15649792 15649792 0 0 0 0 15649792 15649792 15649792 15649792 0 0 0 0 15649792 15649792 
15649792 0 0 0 0 15649792 15649792 15649792 15649792 0 0 0 0 15649792 15649792 15649792 
0 0 0 0 15649792 15649792 15649792 15649792 0 0 0 0 15649792 15649792 15649792 15649792 
0 0 0 15649792 15649792 15649792 15649792 0 0 0 0 15649792 15649792 15649792 15649792 0 
0 0 15649792 15649792 15649792 15649792 0 0 0 0 15649792 15649792 15649792 15649792 0 0 
0 15649792 15649792 15649792 15649792 0 0 0 0 15649792 15649792 15649792 15649792 0 0 0 
15649792 15649792 15649792 15649792 0 0 0 0 15649792 15649792 15649792 15649792 0 0 0 0 
15649792 15649792 15649792 0 0 0 0 15649792 15649792 15649792 15649792 0 0 0 0 15649792 
15649792 15649792 0 0 0 0 15649792 15649792 15649792 15649792 0 0 0 0 15649792 15649792 
15649792 0 0 0 0 15649792 15649792 15649792 15649792 0 0 0 0 15649792 15649792 15649792 
0 0 0 0 15649792 15649792 15649792 15649792 0 0 0 0 15649792 15649792 15649792 15649792 
0 0 0 15649792 15649792 15649792 15649792 0 0 0 0 15649792 15649792 15649792 15649792 0 
0 0 15649792 15649792 15649792 15649792 0 0 0 0 15649792 15649792 15649792 15649792 0 0 
0 15649792 15649792 15649792 15649792 0 0 0 0 15649792 15649792 15649792 15649792 0 0 0 
15649792 15649792 15649792 15649792 0 0 0 0 15649792 15649792 15649792 15649792 0 0 0 0 

15649792 15649792 15649792 0 0 0 0 15649792 15649792 15649792 15649792 0 0 0 0 15649792 
15649792 15649792 0 0 0 0 15649792 15649792 15649792 15649792 0 0 0 0 15649792 15649792 
15649792 0 0 0 0 15649792 15649792 15649792 15649792 0 0 0 0 15649792 15649792 15649792 
0 0 0 0 15649792 15649792 15649792 15649792 0 0 0 0 15649792 15649792 15649792 15649792 
0 0 0 15649792 15649792 15649792 15649792 0 0 0 0 15649792 15649792 15649792 15649792 0 
0 0 15649792 15649792 15649792 15649792 0 0 0 0 15649792 15649792 15649792 15649792 0 0 
0 15649792 15649792 15649792 15649792 0 0 0 0 15649792 15649792 15649792 15649792 0 0 0 
15649792 15649792 15649792 15649792 0 0 0 0 15649792 15649792 15649792 15649792 0 0 0 0 
15649792 15649792 15649792 0 0 0 0 15649792 15649792 15649792 15649792 0 0 0 0 15649792 
15649792 15649792 0 0 0 0 15649792 15649792 15649792 15649792 0 0 0 0 15649792 15649792 
15649792 0 0 0 0 15649792 15649792 15649792 15649792 0 0 0 0 15649792 15649792 15649792 
0 0 0 0 15649792 15649792 15649792 15649792 0 0 0 0 15649792 15649792 15649792 15649792 
0 0 0 15649792 15649792 15649792 15649792 0 0 0 0 15649792 15649792 15649792 15649792 0 
0 0 15649792 15649792 15649792 15649792 0 0 0 0 15649792 15649792 15649792 15649792 0 0 
0 15649792 15649792 15649792 15649792 0 0 0 0 15649792 15649792 15649792 15649792 0 0 0 
15649792 15649792 15649792 15649792 0 0 0 0 15649792 15649792 15649792 15649792 0 0 0 0 

15649792 15649792 15649792 0 0 0 0 15649792 15649792 15649792 15649792 0 0 0 0 15649792 
15649792 15649792 0 0 0 0 15649792 15649792 15649792 15649792 0 0 0 0 15649792 15649792 
15649792 0 0 0 0 15649792 15649792 15649792 15649792 0 0 0 0 15649792 15649792 15649792 
0 0 0 0 15649792 15649792 15649792 15649792 0 0 0 0 15649792 15649792 15649792 15649792 
0 0 0 15649792 15649792 15649792 15649792 0 0 0 0 15649792 15649792 15649792 15649792 0 
0 0 15649792 15649792 15649792 15649792 0 0 0 0 15649792 15649792 15649792 15649792 0 0 
0 15649792 15649792 15649792 15649792 0 0 0 0 15649792 15649792 15649792 15649792 0 0 0 
15649792 15649792 15649792 15649792 0 0 0 0 15649792 15649792 15649792 15649792 0 0 0 0 
15649792 15649792 15649792 0 0 0 0 15649792 15649792 15649792 15649792 0 0 0 0 15649792 
15649792 15649792 0 0 0 0 15649792 15649792 15649792 15649792 0 0 0 0 15649792 15649792 
15649792 0 0 0 0 15649792 15649792 15649792 15649792 0 0 0 0 15649792 15649792 15649792 
0 0 0 0 15649792 15649792 15649792 15649792 0 0 0 0 15649792 15649792 15649792 15649792 
0 0 0 15649792 15649792 15649792 15649792 0 0 0 0 15649792 15649792 15649792 15649792 0 
0 0 15649792 15649792 15649792 15649792 0 0 0 0 15649792 15649792 15649792 15649792 0 0 
0 15649792 15649792 15649792 15649792 0 0 0 0 15649792 15649792 15649792 15649792 0 0 0 
15649792 15649792 15649792 15649792 0 0 0 0 15649792 15649792 15649792 15649792 0 0 0 0 

15649792 15649792 15649792 0 0 0 0 15649792 15649792 15649792 15649792 0 0 0 0 15649792 
15649792 15649792 0 0 0 0 15649792 15649792 15649792 15649792 0 0 0 0 15649792 15649792 
15649792 0 0 0 0 15649792 15649792 15649792 15649792 0 0 0 0 15649792 15649792 15649792 
0 0 0 0 15649792 15649792 15649792 15649792 0 0 0 0 15649792 15649792 15649792 15649792 
0 0 0 15649792 15649792 15649792 15649792 0 0 0 0 15649792 15649792 15649792 15649792 0 
0 0 15649792 15649792 15649792 15649792 0 0 0 0 15649792 15649792 15649792 15649792 0 0 
0 15649792 15649792 15649792 15649792 0 0 0 0 15649792 15649792 15649792 15649792 0 0 0 
15649792 15649792 15649792 15649792 0 0 0 0 15649792 15649792 15649792 15649792 0 0 0 0 
15649792 15649792 15649792 0 0 0 0 15649792 15649792 15649792 15649792 0 0 0 0 15649792 
15649792 15649792 0 0 0 0 15649792 15649792 15649792 15649792 0 0 0 0 15649792 15649792 
15649792 0 0 0 0 15649792 15649792 15649792 15649792 0 0 0 0 15649792 15649792 15649792 
0 0 0 0 15649792 15649792 15649792 15649792 0 0 0 0 15649792 15649792 15649792 15649792 
0 0 0 15649792 15649792 15649792 15649792 0 0 0 0 15649792 15649792 15649792 15649792 0 
0 0 15649792 15649792 15649792 15649792 0 0 0 0 15649792 15649792 15649792 15649792 0 0 
0 15649792 15649792 15649792 15649792 0 0 0 0 15649792 15649792 15649792 15649792 0 0 0 
15649792 15649792 15649792 15649792 0 0 0 0 15649792 15649792 15649792 15649792 0 0 0 0 

15649792 15649792 15649792 0 0 0 0 15649792 15649792 15649792 15649792 0 0 0 0 15649792 
15649792 15649792 0 0 0 0 15649792 15649792 15649792 15649792 0 0 0 0 15649792 15649792 
15649792 0 0 0 0 15649792 15649792 15649792 15649792 0 0 0 0 15649792 15649792 15649792 
0 0 0 0 15649792 15649792 15649792 15649792 0 0 0 0 15649792 15649792 15649792 15649792 
0 0 0 15649792 15649792 15649792 15649792 0 0 0 0 15649792 15649792 15649792 15649792 0 
0 0 15649792 15649792 15649792 15649792 0 0 0 0 15649792 15649792 15649792 15649792 0 0 
0 15649792 15649792 15649792 15649792 0 0 0 0 15649792 15649792 15649792 15649792 0 0 0 
15649792 15649792 15649792 15649792 0 0 0 0 15649792 15649792 15649792 15649792 0 0 0 0 
15649792 15649792 15649792 0 0 0 0 15649792 15649792 15649792 15649792 0 0 0 0 15649792 
15649792 15649792 0 0 0 0 15649792 15649792 15649792 15649792 0 0 0 0 15649792 15649792 
15649792 0 0 0 0 15649792 15649792 15649792 15649792 0 0 0 0 15649792 15649792 15649792 
0 0 0 0 15649792 15649792 15649792 15649792 0 0 0 0 15649792 15649792 15649792 15649792 
0 0 0 15649792 15649792 15649792 15649792 0 0 0 0 15649792 15649792 15649792 15649792 0 
0 0 15649792 15649792 15649792 15649792 0 0 0 0 15649792 15649792 15649792 15649792 0 0 
0 15649792 15649792 15649792 15649792 0 0 0 0 15649792 15649792 15649792 15649792 0 0 0 
15649792 15649792 15649792 15649792 0 0 0 0 15649792 15649792 15649792 15649792 0 0 0 0 
