3

0 0 0
1 0 0 
1 0.05 0.05
0 0.05 0.05

16711680 16711680 16711680 16711680 16711680 16711680 16711680 16711680 16711680 16711680 16711680 16711680 16711680 16711680 16711680 16711680 
16711680 16711680 16711680 16711680 16711680 16711680 16711680 16711680 16711680 16711680 16711680 16711680 16711680 16711680 16711680 16711680 
16711680 16711680 16711680 16711680 16711680 16711680 16711680 16711680 16711680 16711680 16711680 16711680 16711680 16711680 16711680 16711680 
16711680 16711680 16711680 16711680 16711680 16711680 16711680 16711680 16711680 16711680 16711680 16711680 16711680 16711680 16711680 16711680 
16711680 16711680 16711680 16711680 16711680 16711680 16711680 16711680 16711680 16711680 16711680 16711680 16711680 16711680 16711680 16711680 
16711680 16711680 16711680 16711680 16711680 16711680 16711680 16711680 16711680 16711680 16711680 16711680 16711680 16711680 16711680 16711680 
16711680 16711680 16711680 16711680 16711680 16711680 16711680 16711680 16711680 16711680 16711680 16711680 16711680 16711680 16711680 16711680 
16711680 16711680 16711680 16711680 16711680 16711680 16711680 16711680 16711680 16711680 16711680 16711680 16711680 16711680 16711680 16711680 
16711680 16711680 16711680 16711680 16711680 16711680 16711680 16711680 16711680 16711680 16711680 16711680 16711680 16711680 16711680 16711680 
16711680 16711680 16711680 16711680 16711680 16711680 16711680 16711680 16711680 16711680 16711680 16711680 16711680 16711680 16711680 16711680 
16711680 16711680 16711680 16711680 16711680 16711680 16711680 16711680 16711680 16711680 16711680 16711680 16711680 16711680 16711680 16711680 
16711680 16711680 16711680 16711680 16711680 16711680 16711680 16711680 16711680 16711680 16711680 16711680 16711680 16711680 16711680 16711680 
16711680 16711680 16711680 16711680 16711680 16711680 16711680 16711680 16711680 16711680 16711680 16711680 16711680 16711680 16711680 16711680 
16711680 16711680 16711680 16711680 16711680 16711680 16711680 16711680 16711680 16711680 16711680 16711680 16711680 16711680 16711680 16711680 
16711680 16711680 16711680 16711680 16711680 16711680 16711680 16711680 16711680 16711680 16711680 16711680 16711680 16711680 16711680 16711680 
16711680 16711680 16711680 16711680 16711680 16711680 16711680 16711680 16711680 16711680 16711680 16711680 16711680 16711680 16711680 16711680 


0 0 0
0 1 0 
0.05 1 0.05
0.05 0 0.05


65280 65280 65280 65280 65280 65280 65280 65280 65280 65280 65280 65280 65280 65280 65280 65280 
65280 65280 65280 65280 65280 65280 65280 65280 65280 65280 65280 65280 65280 65280 65280 65280 
65280 65280 65280 65280 65280 65280 65280 65280 65280 65280 65280 65280 65280 65280 65280 65280 
65280 65280 65280 65280 65280 65280 65280 65280 65280 65280 65280 65280 65280 65280 65280 65280 
65280 65280 65280 65280 65280 65280 65280 65280 65280 65280 65280 65280 65280 65280 65280 65280 
65280 65280 65280 65280 65280 65280 65280 65280 65280 65280 65280 65280 65280 65280 65280 65280 
65280 65280 65280 65280 65280 65280 65280 65280 65280 65280 65280 65280 65280 65280 65280 65280 
65280 65280 65280 65280 65280 65280 65280 65280 65280 65280 65280 65280 65280 65280 65280 65280 
65280 65280 65280 65280 65280 65280 65280 65280 65280 65280 65280 65280 65280 65280 65280 65280 
65280 65280 65280 65280 65280 65280 65280 65280 65280 65280 65280 65280 65280 65280 65280 65280 
65280 65280 65280 65280 65280 65280 65280 65280 65280 65280 65280 65280 65280 65280 65280 65280 
65280 65280 65280 65280 65280 65280 65280 65280 65280 65280 65280 65280 65280 65280 65280 65280 
65280 65280 65280 65280 65280 65280 65280 65280 65280 65280 65280 65280 65280 65280 65280 65280 
65280 65280 65280 65280 65280 65280 65280 65280 65280 65280 65280 65280 65280 65280 65280 65280 
65280 65280 65280 65280 65280 65280 65280 65280 65280 65280 65280 65280 65280 65280 65280 65280 
65280 65280 65280 65280 65280 65280 65280 65280 65280 65280 65280 65280 65280 65280 65280 65280 


0 0 0
0 0 1 
0.05 0.05 1
0.05 0.05 0


255 255 255 255 255 255 255 255 255 255 255 255 255 255 255 255 
255 255 255 255 255 255 255 255 255 255 255 255 255 255 255 255 
255 255 255 255 255 255 255 255 255 255 255 255 255 255 255 255 
255 255 255 255 255 255 255 255 255 255 255 255 255 255 255 255 
255 255 255 255 255 255 255 255 255 255 255 255 255 255 255 255 
255 255 255 255 255 255 255 255 255 255 255 255 255 255 255 255 
255 255 255 255 255 255 255 255 255 255 255 255 255 255 255 255 
255 255 255 255 255 255 255 255 255 255 255 255 255 255 255 255 
255 255 255 255 255 255 255 255 255 255 255 255 255 255 255 255 
255 255 255 255 255 255 255 255 255 255 255 255 255 255 255 255 
255 255 255 255 255 255 255 255 255 255 255 255 255 255 255 255 
255 255 255 255 255 255 255 255 255 255 255 255 255 255 255 255 
255 255 255 255 255 255 255 255 255 255 255 255 255 255 255 255 
255 255 255 255 255 255 255 255 255 255 255 255 255 255 255 255 
255 255 255 255 255 255 255 255 255 255 255 255 255 255 255 255 
255 255 255 255 255 255 255 255 255 255 255 255 255 255 255 255 


0

0


//分别对应正常坐标系的x,y,z轴